24932
16393
14346
10251
18444
22189
22
16414
8224
2085
24615
5468
45
22574
4146
6835
18487
11275
12365
6222
20562
14419
18517
88
9572
12380
22621
20574
20576
16482
2165
10358
12414
18562
12423
16521
10388
20635
16545
22699
7197
14512
8369
8222
8375
20664
24765
6340
200
14540
12496
16594
12503
8408
18649
10458
12507
6364
16611
22758
18668
10477
6387
6388
12545
24835
16647
12553
6411
16654
16659
46
22806
24861
2338
20774
10539
22834
24885
8503
6456
12318
18757
8520
4428
4834
8526
18778
2404
14707
22900
22901
24955
16766
4483
6532
2449
14746
10652
4511
4513
8612
12710
22953
25006
6575
18875
449
22979
25034
22989
25043
14808
2530
2535
9639
492
25069
12786
3839
2556
18943
12802
14854
10765
8727
4632
9306
4640
6700
10801
10805
25143
570
2623
23110
25159
23114
16976
593
25172
25179
615
25201
24503
8824
17021
12927
14976
4743
19089
19090
8854
15003
10910
23204
6823
4777
19114
4782
8879
21171
2742
21178
10942
23233
12406
25286
6868
2774
13026
743
17134
23293
13056
25346
773
25354
8972
11026
17172
21281
1841
811
6963
824
6971
9020
25408
21321
15189
23387
4960
25443
13164
9082
6635
2949
13190
2952
13196
12781
23452
11175
9133
950
19387
21436
23485
23488
25543
3033
13276
25565
9184
17082
3048
11241
19440
17393
20765
3063
25596
23552
21508
17419
5134
5143
11293
9249
7204
3119
14834
1074
25660
9283
19525
5210
5211
21596
15457
7280
23674
21630
15552
17538
9313
23693
7317
1186
13482
15538
11445
17600
19657
3283
3286
9433
23770
15582
17655
21754
15614
9471
13526
9482
17692
13597
23841
7459
15659
3372
13619
23864
25917
1343
21824
21825
15685
21832
19340
19791
13649
11607
5465
15708
15714
23907
7524
7525
11622
23915
1405
23943
3466
17807
9616
17817
17819
17823
17824
7586
17828
21927
19356
21930
3502
24819
15799
9656
15805
15814
15821
17874
3547
19939
13801
19961
5639
7689
22032
10499
7712
7717
26181
1611
1613
11861
20065
18030
18034
1653
18051
16013
3730
13971
16032
9890
7844
13995
7853
5807
3766
14007
16056
11964
18109
3812
16101
4355
3824
7926
16123
22269
7935
16128
3843
22278
22284
3858
12051
7956
12053
16347
10024
18225
1857
12101
14157
8031
3939
14181
25575
8045
1000
6009
22404
8072
20373
24479
20391
14932
24499
8116
12213
1353
18365
1995
1997
14286
22489
13647
16352
3409
22504
4023
20478
22527
23441
10895
345
19159
24718
3990
25060
16070
16674
3681
25289
25111
10842
26159
19573
16389
17038
17039
22903
106
2042
9432
16817
26023
21928
18453
18457
2621
22876
10383
10381
7264
3511
22265
6808
10096
21432
9937
18924
22815
20250
20257
7072
12491
1172
18141
18143
14372
8768
13837
23555
16881
16576
8549
23614
5621
1373
1375
23476
5993
5078
24708
19146
19140
25057
25053
5067
23870
13614
13615
20116
2307
19707
5849
17626
245
16719
19964
25435
25125
26141
9763
20884
2457
11011
17285
13282
23146
9769
2055
11621
7985
12130
10623
10158
20644
20647
13199
14369
10711
3878
6810
9755
19870
1968
24148
17385
2870
18719
15678
5668
23514
8151
1545
11442
543
8715
12928
17250
15166
1787
9980
12660
24101
23266
22393
7533
19351
9255
19607
6179
6175
6172
4755
9964
16010
2193
16722
2200
25557
22119
16349
23836
4525
4835
4422
7991
21707
6626
6944
16906
12679
12212
14864
14647
18894
14648
18540
13422
18940
18942
2846
18095
3323
14265
7050
15933
15931
19443
15938
1151
5510
17997
8701
5605
5601
12851
12587
6512
5131
3814
23708
19164
12453
23382
8669
12739
4748
19297
24616
24617
24944
24943
25419
2212
22730
8680
19586
19581
20716
21629
5767
13469
4512
4515
16265
6183
11640
2501
20667
21391
5938
11824
14079
18952
4000
21407
7045
5464
22147
13369
18396
18174
1124
15108
2980
15580
22555
8049
8280
16115
4351
25978
3804
23481
23712
15321
16102
4773
6421
9943
15784
5812
19022
15786
25158
16584
25396
13501
231
26193
26190
3058
16368
26067
26065
16696
16694
25086
25080
26180
7463
17956
2710
9360
937
934
5385
16876
7311
12308
25189
9017
1488
23346
2144
18185
14337
17979
18743
8721
18102
8055
624
4180
1229
11015
11016
25980
24293
24294
25562
3872
12472
19107
8184
5712
19324
7719
4765
4164
19880
16022
16754
24942
7245
22741
2239
11791
5934
19314
21646
21861
4575
21089
24706
3652
2526
13384
11464
12312
10350
10352
17794
17086
12266
9710
2410
18971
18408
20595
13220
3310
3312
9397
1728
20567
15126
62
3006
1588
500
12860
23134
8063
23647
15010
7481
5656
4376
8261
25998
16357
14542
8666
21149
20947
22601
11183
7573
7578
19131
23355
8312
11493
18899
11629
22197
214
215
22778
11785
22177
25553
23910
19640
19645
25777
18299
25180
13411
19865
2558
12788
11472
20613
20616
20618
4896
23681
25205
17414
9147
1858
12252
4416
20850
20853
4966
17099
9722
3231
3265
20108
20100
5435
18210
10376
7014
7013
20033
11815
15150
20663
5346
1023
22018
20328
4364
23107
1217
14558
3102
23741
6468
9869
7584
9800
6525
3922
22503
23363
10247
22188
23967
199
17228
17559
21847
16310
4552
3677
26178
23492
17543
6271
13333
12085
2169
4952
7267
21800
14033
9736
20954
10022
13205
22975
3293
12334
22497
20554
20001
9025
10243
7007
18685
18511
22887
15144
15145
15148
12066
6892
6896
14497
1694
12884
12885
15562
14767
14766
22377
22376
24
25829
8672
19463
26039
9907
22324
178
19204
22793
13328
21710
25758
22083
16148
17546
2287
19687
5655
11696
5065
9124
2591
3595
10657
23351
17439
1877
25359
185
19923
14020
20122
7350
5107
3280
13702
2752
882
880
14599
2620
18234
20014
3534
14807
14485
15173
17932
7105
14374
1045
1044
21638
20303
19004
1265
18013
17751
11053
24490
15999
1310
13929
9829
8732
23161
6708
6082
9038
22366
22369
19219
19216
22149
22144
16083
16087
16084
19678
16154
19677
16882
16332
4354
18238
25785
23095
2368
13013
24924
17331
17330
17443
9135
10310
4446
25251
23944
25977
24814
11733
20808
20806
6056
7801
22951
2741
16469
4846
13067
17569
16216
8448
1078
25516
18227
13008
1093
676
1098
14809
18000
14747
4103
22618
13556
6907
12422
15184
5564
2072
23241
1520
17248
19446
21931
24753
851
19048
7893
14379
3820
3059
23403
12637
14373
22421
22426
3055
4068
5787
21030
10923
19992
10926
19997
12160
13346
9143
3731
2133
21814
14009
20148
14004
20780
21491
21497
21495
17584
17580
23038
4302
10588
2912
10039
17911
6301
18250
11537
5412
7635
14431
1339
19705
5773
5578
11028
23149
23145
3099
339
23896
4102
19059
3967
17738
24696
15245
15244
24454
3890
25304
6610
12627
7277
5957
2560
21027
3632
3633
4269
25271
17463
9441
4466
13371
6033
9207
5175
15891
2654
21379
22937
17001
23939
12373
6918
14102
18488
20511
10113
20517
7444
3561
20683
10590
14638
6857
6583
19808
17875
11082
1430
9732
1981
19801
23559
14430
8376
8579
15253
25910
23420
19423
21012
2332
22598
25480
15793
16475
3716
17472
3719
22523
16270
2485
24474
24220
20168
24199
10055
9208
124
4877
12386
12141
10615
9099
19605
9785
15880
8187
20182
18724
1839
573
7650
3164
24219
2806
5629
2805
7096
1425
7091
4983
2001
4273
4242
5555
7384
15395
14424
11148
1519
1511
8365
23637
24439
22100
22457
22108
19093
22691
22696
12606
4015
351
9889
8476
19545
13673
4705
2326
4708
3618
21910
25108
19940
17245
2250
2475
17022
9264
10041
7877
113
4639
11604
26013
11602
11609
20532
10427
18866
6830
10552
10550
8823
18736
14709
7087
727
6494
4241
15478
15479
15477
25849
1293
1563
8391
23628
23622
16837
6544
22318
5259
23991
22466
22463
9389
22507
165
13864
19325
8807
10966
13600
16041
13096
272
16708
25114
16258
25112
8208
22483
26127
12016
19578
2516
16819
2044
19012
11612
11613
11610
9417
6375
15209
17721
16921
21727
6266
14628
93
547
3207
1620
21438
14710
15669
3345
5052
4258
12492
23509
18140
2340
7188
10500
13831
8547
4382
5622
25948
16570
23298
23297
23477
23470
22476
4036
11372
7522
25056
25050
392
2309
16065
11284
15846
244
920
4624
19568
10463
21100
9241
2450
25541
17536
4825
16495
26038
9335
10153
10406
23151
16931
8801
6218
14093
14090
9759
13060
10081
18445
18447
17131
26098
20062
5441
5602
18622
18624
21190
15455
1149
8150
8475
24559
24398
8718
2386
7442
7449
17994
2443
8441
22394
22644
5608
4283
13990
19179
369
365
22242
19355
8625
4759
6774
16955
24959
21125
3752
2190
4635
13528
2202
2203
9488
2420
13653
11630
2511
2512
13558
9341
1840
22811
21708
7206
10762
18544
22726
18543
10501
14089
24402
18941
3228
18946
1600
1606
21929
8851
2848
15608
4756
10211
13319
20526
24734
9026
9892
15935
1150
24385
11102
11107
3032
2993
9993
866
8457
19161
19168
23385
7541
16649
12735
24614
9974
16006
17359
17603
19909
25382
2185
19900
22721
12763
21621
8134
25569
25094
9426
2720
17778
17174
9649
9194
25496
9517
9511
20553
13068
20552
11821
14982
8862
7307
9021
24160
11910
9023
18397
20169
14325
11132
17984
14690
24371
14698
24372
22225
21165
523
8730
1234
8517
23665
4195
5672
3955
4353
15816
25870
22620
19111
8193
15329
24592
19167
23806
23805
25628
16741
25402
19246
16210
24970
12056
12695
26196
357
25710
15665
25718
21650
21653
19800
19809
16274
2087
2536
2713
22830
22831
10346
16967
2155
2803
9593
4989
10524
20902
14667
1958
23344
14991
24110
24114
11902
12306
6905
18983
4878
10235
12263
7038
1711
20059
24023
15912
24029
20052
15829
15959
23051
18182
24568
18340
14616
18745
18741
1008
4255
12874
8505
15005
4298
8298
4959
2883
11017
24295
24174
3877
23723
23721
23720
8471
15311
5717
24587
7594
3909
6746
6748
21583
16020
19741
17379
205
12043
12040
26048
12687
135
21866
21864
21860
15383
22725
3651
11661
639
10354
4490
17156
23920
10818
1825
13310
12268
17089
10532
20934
11801
20119
9713
9712
14051
12313
20597
12311
7023
5488
5485
3316
24034
1727
15125
15127
15123
65
14308
17968
18585
7154
4284
9125
18758
23649
23137
400
9126
25996
14547
4080
23474
23225
5729
15306
15300
15301
7774
25554
19489
11490
11495
5835
5838
22779
16568
25378
12074
11788
12070
25181
12678
5901
10819
4138
7802
21075
8216
17194
26088
6390
19383
2770
2771
16945
17149
25209
6264
1854
17090
3053
20924
5125
19144
20101
21699
20587
12324
14952
9030
13989
20662
7015
24001
5230
5233
1736
3321
750
22790
1594
2959
3076
14317
17953
12049
8074
18037
8279
4275
14552
14550
11077
15974
8067
22464
22610
14498
12659
15325
11318
482
15372
6465
25836
4724
19493
14176
8305
6724
15206
19013
19019
3852
3853
22184
16778
16779
18880
25698
13862
16575
6094
23968
14541
16174
21562
195
24833
193
25528
4550
21994
21998
11444
2388
2761
1668
16953
25236
16958
15422
17135
25439
12247
6077
6076
20827
1941
16718
24126
10794
10791
3452
3451
853
19962
14967
18208
14969
10246
6867
12065
11868
24330
3066
18331
5352
1058
24489
3113
15960
20427
15305
8643
23751
22372
491
12409
3594
15365
25827
19464
8335
13680
20046
23686
3845
5695
17286
22993
22798
25684
22105
4046
6666
12654
10871
19517
17233
24939
21944
16433
13321
13322
7911
21287
20942
7355
7357
869
3441
2115
17944
10496
12135
10490
18233
17878
21543
21547
20495
22899
11876
22890
18524
4211
19434
7104
14371
15217
5367
3982
18782
8254
11052
15516
7615
15683
17843
1914
1408
21943
15194
5597
20558
7725
7727
312
3944
23302
19078
4125
24477
24475
13636
6675
23945
22415
16159
9216
21823
16889
2568
19316
16162
17116
888
3655
11734
4704
5116
15420
21317
896
10268
899
5209
14165
21550
8916
2614
13177
11840
14344
11194
18648
18790
22239
1674
1675
25102
18008
10026
20207
17859
22894
1321
15435
5769
23576
23577
19895
2394
1254
25585
3953
302
4115
2255
3204
3052
16177
21032
22046
20309
16946
9458
21968
4451
4458
21815
20787
9217
3420
16858
17583
4583
9075
21563
10456
5417
21156
11182
23513
18676
14357
7126
7125
26019
19879
5302
1667
2074
20537
24270
12980
10130
17345
2823
3386
20217
10996
1403
1404
9944
11951
24332
6934
8128
8122
5579
3096
1248
11223
17739
4433
25903
25902
24453
22439
6611
21615
19454
5794
3630
3631
22051
2341
11400
19980
2562
10931
16994
17465
17464
12286
11401
2342
11712
17268
6030
26100
10062
5172
20173
3411
7383
7386
13480
24057
20515
21776
21771
21778
10597
4488
21798
20421
8387
14615
10253
141
14924
23300
13029
7625
24203
18065
5407
6737
450
23558
1347
15419
15414
9870
7716
5541
25868
8592
11231
15258
15251
25916
25911
22336
19080
19738
25648
6627
12615
23423
6702
13713
13714
9895
3977
17681
9915
13404
2335
11416
22599
15357
19955
19954
4472
25469
17273
26171
26170
24841
26176
2465
21341
9209
21705
122
17016
16872
4870
6317
12149
6442
9098
9090
10438
13142
18879
24888
8968
4493
6824
20432
11899
18580
10549
8815
25599
18905
13032
12641
18720
11093
8742
12968
17808
5434
731
13966
6482
15396
25850
8589
12547
23186
13813
15066
9018
14661
24431
7475
19723
7485
4018
4013
7504
19433
24722
352
16607
16608
14067
22074
23855
4700
281
8871
269
17392
4642
4631
8155
25582
25589
22917
7024
10601
2076
20534
20533
14128
14123
17731
9643
8552
3501
6832
18600
14385
18592
1982
18910
18042
18739
163
3173
13651
20772
20892
13683
6941
16742
9414
14414
18870
8553
23620
6541
5634
25937
19710
10896
24713
19150
21608
11403
12701
6154
6156
6158
299
19974
17382
179
4431
25597
17251
7882
15205
9522
21614
21613
5826
11617
21293
8231
17729
9325
24870
19207
1436
14627
7511
6806
6807
6804
3998
95
2073
3209
18920
15663
15667
17821
5057
18746
20253
18633
15917
12498
23503
16900
1280
17126
14403
7452
4383
23299
409
408
23306
10881
11572
13604
19781
375
396
19301
25615
5840
3743
1090
25436
22493
11152
293
19562
11591
7046
17289
13283
2059
21663
1608
20086
21665
10390
9629
3553
192
20641
13191
4656
6219
6813
8374
7324
19978
5194
1966
25442
18443
2877
7883
7069
15907
23511
18158
5503
23727
11113
11112
8710
13847
9984
7563
25959
1386
19109
13999
128
12720
10983
23863
24601
25607
364
21203
9968
13520
22734
13529
16235
9486
17137
16505
2047
16831
17294
21635
4814
9439
7999
10162
4425
17746
7209
19143
14865
18549
11967
4554
15600
18091
18097
18381
8148
8630
11109
1550
17990
3034
23673
13859
5606
12852
19881
3811
3450
8458
25866
4293
23383
24762
21723
16640
19612
19613
12733
23810
5862
13624
21130
25383
22722
1427
4713
6904
14621
15717
26051
6838
5287
16940
21718
18558
11822
10519
14078
17575
9773
21404
21401
24163
15316
11919
5056
15616
12938
3718
5181
4712
7042
1498
5266
5262
18398
15850
1125
14324
18375
24578
17986
2982
20959
5674
12842
11002
4117
6506
11557
24280
23248
23246
23713
6434
18052
24960
2249
16108
16107
16106
19624
16039
16747
16589
1963
12691
26194
17501
20879
19807
19806
20317
25572
7824
17764
22832
22836
22837
1832
22929
1834
1838
930
16644
16877
8876
24113
25449
15625
15623
12639
921
10850
2797
18742
8504
4182
15007
25988
14534
3873
3876
6408
12478
24582
24583
7768
24589
13659
22290
5809
26021
12045
22746
19379
10822
11426
3654
13385
7811
22371
10351
25215
1829
13318
4975
5392
21469
4484
24032
5246
5241
7597
18579
10543
15942
15941
18193
18751
22738
12865
8069
5659
7071
11066
15495
1109
4081
22603
15687
11325
8403
23224
11199
18909
3916
6732
18904
12118
18271
12291
25379
23918
24860
12675
23912
19641
15943
13684
17564
4139
11670
17804
9491
379
20854
4967
14003
21324
5271
7090
21220
6711
18217
20231
24009
11811
15159
25358
14316
2810
12861
16091
15977
15973
15972
22611
5730
5739
13616
22502
5825
5827
4143
4377
22765
16770
19442
19703
6095
17187
19783
4775
12664
197
3679
25540
11447
20620
25235
26044
17231
9485
21409
21195
14037
20952
20956
24121
5130
2504
17590
12337
14781
20557
20004
20550
20000
20008
5227
11863
8932
2049
14818
6891
2915
26173
1278
1279
18283
11047
14562
24240
1493
8641
22379
9248
23758
495
26
2592
15366
820
10656
18196
15214
23689
4135
23683
13320
22791
19206
6667
22082
22087
16324
21831
21051
23458
17343
17306
17308
3593
2596
9127
25228
25220
17127
17124
6288
6280
26138
15920
20129
5109
9128
22966
18235
20547
10476
14154
5218
8928
15170
75
14376
3526
20305
18788
1685
4301
26167
1267
8786
8437
15913
24781
15196
15192
23163
3948
21592
19475
22075
6703
6707
8513
12071
24471
1378
19215
18105
4052
13740
12849
8282
19675
2293
16888
2563
4442
17688
5251
20543
10004
10000
17592
3430
22954
4847
894
21548
10467
19462
25872
19945
16262
13174
15160
15163
1962
25107
18791
20375
21167
1561
1672
3136
18001
17854
17850
4104
1327
23714
1258
17249
19445
15235
24444
5184
3056
23409
14377
21031
3607
24456
1897
25204
12742
2356
21142
953
12296
18552
6023
5162
5164
5166
17075
16756
12165
2009
4771
1855
8629
6064
14351
1796
18973
18256
2607
24271
12981
5411
71
3965
1407
15400
5771
23092
12640
24252
16743
16729
10841
5953
18161
3964
19527
11405
19234
232
25272
12287
21158
21152
941
24877
21806
17266
6911
6913
2655
3412
3418
18489
20519
20513
13153
21779
8978
6858
15198
20424
1658
18246
20775
8206
8200
24204
18067
20229
13470
1341
15418
15416
6920
7715
20650
5547
25863
23153
23883
23880
11233
1992
15252
15250
19084
16506
25316
20066
23429
6738
23303
12611
13711
13712
321
9893
13992
21017
19557
13625
18286
13622
21169
21162
13364
7648
4673
24845
11700
10726
17017
4875
12389
6226
22839
13493
13496
20243
22109
9095
9092
21587
10435
7246
16483
2664
13388
25229
20341
20346
14606
8211
20184
8219
21289
8215
15081
17800
7095
733
21634
23529
1356
15399
18125
9862
24506
13664
16011
9066
6558
22321
3188
16511
19724
22693
23454
13703
3983
17208
23858
3765
17207
16264
260
21772
17394
3243
7899
7895
164
2474
9269
7878
16727
2789
16234
10600
12155
9316
9647
9314
18867
12032
2922
10555
1985
18913
8774
3178
3171
15657
3174
5427
10918
10919
15382
4249
8178
4247
13955
3442
12806
3197
25934
17683
25931
17297
16676
10967
6351
10969
5851
25668
16498
17389
22487
26020
6376
11944
14620
18723
3532
17825
15664
15911
5533
18145
8726
13834
4189
8386
8541
23616
7450
4380
628
5995
4033
4032
11379
12712
20383
2306
15413
16485
20886
16803
10620
20645
14652
24140
24149
20064
18623
1765
15905
18159
5505
18154
546
9988
6337
7446
414
3827
23464
23264
4289
17999
22246
25661
22028
380
385
12722
1075
252
16726
11746
21205
12106
3683
3685
11638
2515
5055
9188
1817
13291
1818
6073
20479
4555
25250
1776
10183
320
18160
1157
914
19469
11108
17991
15596
25896
7601
19924
17599
11037
8702
22879
4290
2075
22254
16131
6160
10991
19903
2532
11792
19585
23909
19580
12110
12411
15715
21712
22826
20660
20002
18884
14983
8868
19147
2851
1499
18399
17981
1014
8737
15589
18088
8048
12599
5673
23256
8198
24595
23394
4774
13641
22530
24620
9946
2243
19023
19244
5542
18373
21090
2081
17189
17163
17161
10684
14664
8877
12302
9863
18337
8161
7039
9387
20053
25234
18189
15951
25444
1006
8053
4183
6533
6530
8614
17884
3875
7769
22528
16751
16598
836
8452
12688
10824
839
21433
1311
20174
13387
11461
5062
17157
17158
17401
17403
1823
2142
12260
15571
8888
4836
18972
21466
2936
18995
27
7025
5481
20344
20335
11892
12866
6524
4750
1104
1101
23730
22609
11328
3917
4798
11491
4793
5830
22771
8595
11470
12787
22275
20106
11923
11924
11925
18215
9037
1738
11812
25437
751
3073
1599
1029
8079
14559
15971
4588
4250
18122
4781
4141
19784
12665
19642
21995
16899
12797
8864
25089
4426
21194
9735
5136
9027
18681
18684
22888
6895
11186
14496
5355
5353
20315
5359
1793
22556
24248
15961
4469
1497
5740
13931
19609
7595
19608
3937
5698
10878
13010
25610
19686
19682
939
8310
17309
10655
183
19603
864
10497
887
884
20089
24060
21544
8925
5415
15171
14691
15770
78
19404
18783
18784
17864
6919
15191
3946
23304
8047
24470
6081
12642
4702
13749
16331
16334
16335
19501
25783
25784
2566
10912
17113
9138
10640
16280
1862
14972
3725
3721
2630
20792
16042
13352
11844
13175
1782
18222
22235
1323
6908
15186
8340
15172
8352
8195
17934
14153
9265
6863
12187
19996
15666
4265
1048
9450
1896
4697
21816
9413
1859
20149
1879
16853
12369
12166
14174
14843
21560
8156
18152
7638
17861
5575
25877
25152
15682
21450
22309
22436
17341
16624
11402
19233
25491
1880
12370
4868
13483
21777
13521
13355
81
20196
21657
15774
15524
24002
9327
11979
5400
11806
4468
17665
8118
22203
8378
23093
2080
6629
12614
24731
25486
14319
16471
11468
17670
9273
10439
19350
21584
9659
2661
18619
6825
18613
18612
20435
11891
12645
14933
18278
18276
18297
7098
1350
13481
22048
8367
6556
23989
283
1116
267
16261
2490
26168
19890
24183
9267
4638
2783
6303
20536
5519
14383
14639
18595
7645
21468
14619
6943
5497
25844
12803
23623
3194
3193
16429
22748
19711
4027
19495
3999
15200
11631
18344
20155
9634
3516
17755
8087
24412
10880
5661
19149
24705
25729
18772
5848
4625
16717
16800
10391
17754
2303
14872
6815
20261
5444
9987
14500
22395
3772
21389
26042
17740
2926
9483
20078
20528
1153
2991
25891
12262
19922
25962
19927
3819
2182
2184
5477
6184
11141
5182
15617
1024
17440
5267
15947
6431
9103
16213
16749
9266
12054
25719
21658
2352
7829
17019
22031
4988
11125
2452
11012
4760
16755
23901
22728
19810
2527
16227
16225
19358
15882
834
20599
11898
9392
5240
29
253
26058
20331
403
26059
12868
4379
4371
9391
1105
2613
13034
9922
9924
4037
22770
16765
16565
12121
6641
15082
3007
17192
17191
2773
16415
21322
15802
25644
1025
1026
13311
18032
8678
23219
6529
8301
10879
4148
3850
5843
10807
18195
10514
21199
13036
20003
748
749
1059
1696
1699
18771
4319
15568
1028
7592
13682
16543
25534
25537
21830
10907
25225
17121
6632
23986
20940
1910
9408
22964
885
5216
15175
13144
15998
17923
15197
16553
23412
21048
17337
6291
21315
8511
23138
21554
14345
1073
12612
22233
1915
8969
4372
25904
4069
11502
24593
5363
12745
12743
19223
7281
20782
18066
915
21339
21154
20215
4213
23099
24699
19051
15247
3291
21029
12709
12758
7959
17277
17006
2010
17502
6190
20191
15523
580
5402
13970
4263
8593
2124
19081
19739
17612
2950
10825
12644
23417
20236
20230
23418
778
3185
16513
7854
13635
23859
10956
17396
5061
19697
11841
6305
20538
23506
8398
12552
17118
6543
1860
22462
16675
18455
510
16486
4822
14870
9758
26157
5445
11114
14600
3821
10186
14985
23866
12618
14869
18094
7053
3037
21333
24129
19551
22744
2505
9514
11820
2852
23490
23066
23809
238
9597
140
20702
20316
17180
17162
1959
11903
21297
5255
6316
13490
25440
19256
6024
677
20569
25663
5395
12112
16563
21853
9723
20568
7011
24340
3927
5829
25526
19871
2385
13497
24210
2917
17304
22577
358
19208
17125
17235
25674
20636
6185
3449
14970
21549
6864
5366
20307
15585
15353
7726
9913
6888
23786
6642
17339
3431
5202
18209
23135
23775
12425
16155
19447
7309
3851
9074
22285
21558
1662
5570
25875
19184
11227
19248
21799
19877
6039
15898
10445
18667
6859
80
18597
20030
8446
16278
17274
26004
25598
18275
16963
7094
3383
19544
10116
25721
12158
12157
11939
15626
18282
15384
26130
7885
10412
11664
18634
16935
8442
7857
22382
7546
22727
18379
10446
5060
8870
23653
22299
17797
5483
7695
8064
5731
9151
24122
17818
20260
9867
21594
16890
19683
16801
7278
24726
18658
3524
16336
18587
18314
23462
13035
715
21755
19528
315
8449
6031
17114
18586
8179
4634
16230
3507
7088
2316
11968
22023
9504
21131
22190
17950
9979
10478
5361
18237
2997
17918
16110
24341
12419
18366
11929
18370
18522
18521
11626
20489
20783
8177
3754
7863
4819
12107
3684
1833
25839
17848
8185
25649
16496
4467
8596
20434
