71788
40942
75297
36663
84171
3919
88290
35642
73754
25730
27060
63568
74955
49483
39113
15986
58949
59131
22506
22664
85219
24866
1610
31284
74557
36334
17120
11279
82702
7913
17583
73854
62262
53056
37068
47202
50935
71959
4725
41208
78196
22394
70823
34337
65933
58021
34942
50181
83152
75238
84525
57336
18976
58062
82211
49422
66087
50009
62499
79687
24442
55108
35168
51879
35744
20087
13313
52834
13097
33818
78891
68388
33171
17666
59907
36082
68014
52618
66700
61440
53426
27954
67266
39824
59041
35690
22846
611
85482
23828
6182
16374
9681
80234
84544
82754
20217
70276
51116
51208
70944
12728
65349
15419
21331
10326
8265
23906
5790
29585
82290
23106
5732
83943
13198
36300
72224
75981
42093
19085
3070
9381
59445
18110
32628
36648
11998
42715
58620
43863
56582
3737
83675
49282
37280
80619
36228
14431
19764
9319
19805
2932
56358
69783
53535
10288
25275
63621
29954
69300
44664
28143
34241
76326
41611
65577
3885
57260
27801
20545
18068
60470
29696
10123
38297
83809
45462
1813
10623
74176
49286
57924
21967
73085
47030
2885
36849
3044
80100
67339
42454
88973
57672
44100
13510
48059
38472
74997
5030
80384
53914
83652
23723
36617
64300
85078
83303
70773
38651
81032
71713
65300
54185
87239
35490
87694
85276
595
11334
29156
56364
85115
66211
85486
57375
7843
76490
75966
56143
20119
40102
42276
47040
22179
32942
14737
76328
46203
52615
24635
12665
15395
33772
41407
78475
30174
75609
42052
77695
50828
