61441
63490
48470
40966
9
75787
24588
67597
83982
59408
4114
81940
7854
86041
10266
88093
34853
51216
51239
67624
67625
4139
61241
24623
30769
86068
45406
83977
8248
73785
6206
40629
59457
10306
86083
75845
30791
26696
30796
79
65619
20494
72972
28761
61530
53339
4193
10338
49252
24679
24680
39017
47211
34929
82035
59508
34935
34937
53371
68970
16511
59520
81600
80002
131
30856
80236
26762
2189
51342
47249
55321
10392
4249
63514
73886
18591
65696
43170
71844
71846
22897
69800
63659
82095
65269
78004
78005
49335
59583
18624
57537
75970
5494
32966
33484
80075
35021
10450
55507
53461
3485
75636
55514
59611
57568
18657
30952
71719
80109
14527
69877
47828
43261
49407
30978
33027
20740
33032
70700
51467
57614
5260
24858
34863
6429
59681
67877
71975
63787
53548
26925
57647
304
26931
51514
22850
4420
2373
14662
69961
43338
82253
78166
33111
82264
84314
43356
35165
8542
24927
7981
4450
33123
82277
48908
359
63849
78567
10604
14702
368
82289
16787
49525
8566
74103
63865
6526
84355
53637
82320
74131
39317
22935
72090
45467
62874
5873
12712
78249
37290
25005
47534
68015
4531
16822
78264
10683
35262
12735
61888
51649
65988
63948
68049
10707
59862
68055
70105
47582
43487
68068
82405
31002
66024
88555
11346
16879
51697
39411
55798
41465
74242
10755
78341
16902
86537
84491
44822
41492
41494
10329
64033
84519
72234
33324
25135
37424
82481
70942
43571
64052
10805
71433
70201
16113
62013
53822
84543
70208
16961
8772
62902
55881
39502
14927
49744
14934
76375
55896
79874
66142
44816
84581
82534
76392
72297
21103
10864
66161
31346
29301
23158
10547
6777
57980
50895
62571
18198
43654
51848
51849
17034
64330
14989
19087
2705
49811
68245
662
21144
6596
37531
76444
74397
21150
34245
51872
72359
78504
33455
66224
21169
33458
58035
36980
82618
78524
62141
6852
41672
10956
29392
53971
27348
66261
31053
82648
2777
10970
23259
6879
739
740
66001
10985
17132
49619
70782
63788
23289
64250
63615
72445
88830
15104
84738
19204
20950
70407
58121
31191
20269
37650
88537
31512
54405
76580
29478
17201
58161
17202
82744
6974
71477
62272
56131
19269
74568
76940
25418
19277
73869
37714
37716
58198
83769
54104
84825
21338
88923
62300
84830
9057
41826
4966
41835
88942
16189
82800
72563
41844
81726
60278
15223
21369
21372
17284
84875
11152
30872
11154
66454
48313
38383
16125
16881
7080
87196
5035
88221
58290
48627
60345
80826
27581
35782
11208
29642
72651
46584
15314
46038
31705
49999
17373
17376
39913
5101
80879
23720
23539
29688
50169
21501
19455
44034
82949
44038
6999
7181
46096
58069
31765
48152
44059
29724
37722
87071
39971
44073
9260
29741
23601
58418
1077
68662
33850
70715
60938
76863
13376
27716
70727
78920
35913
9290
13495
56396
85071
1106
83028
19543
5209
11363
76901
48230
89193
68715
68718
66068
45247
14186
44158
40069
4288
21634
33923
4630
62600
13449
83084
23697
58518
46234
87195
68764
46240
27812
29940
49009
70824
66729
62636
63005
38064
54450
18291
28873
3257
83133
25791
42179
46276
32630
7369
17610
87927
85197
60622
44237
72912
1234
44245
36058
38095
27869
13535
65267
73420
70965
87278
28541
5363
54516
77047
42232
6698
64766
46339
52484
83206
77063
72970
29964
27919
85264
5394
48121
19732
13589
11542
85272
44916
52506
11548
77086
70943
36128
79137
3362
63707
34085
83239
63367
38192
52529
52530
68917
58678
83255
83256
19774
66881
36162
15243
7495
60744
62793
9546
16269
77137
21846
36183
68955
5468
3424
64870
83306
56684
50545
50546
75126
5495
5496
1403
50556
38270
38276
7562
73099
83340
75149
42386
56631
23790
50582
1434
46491
83357
77214
30277
69024
40355
26023
87464
48554
17836
58797
52662
7607
40180
60860
34237
28917
71104
77249
54724
75205
5574
85455
23800
56786
13781
5590
7644
54749
24031
26080
34273
52706
3555
67051
253
38384
44529
9715
40436
17912
71162
28927
3580
40448
7613
71176
58890
63746
47704
29955
24085
62998
14937
36376
24091
79389
60960
69153
83490
69159
56041
22061
15919
85552
20019
42548
55902
32351
83516
37970
9797
30278
22089
83537
25529
42585
7770
40835
64442
34399
34403
52838
3686
11879
42604
28271
71280
38846
15995
26240
40577
8307
52868
19734
50822
47041
75400
42635
11544
47861
30356
13973
52890
34459
57626
30661
63136
16038
65192
24237
36526
71935
9905
42675
52917
26294
34488
63161
6090
54976
38596
5830
6433
63180
9935
9936
81618
11987
81626
47055
16093
47397
65248
30433
29731
12011
57068
32493
52977
42739
6782
22266
85757
73117
87817
18188
83726
83728
63249
24338
85635
42772
83734
65306
57120
16007
75565
30344
63283
63285
34614
12087
34617
1851
81725
83774
85301
81728
81730
48964
68918
24394
11575
77644
85842
18259
71508
8021
28503
53596
16218
63326
14178
38755
34665
3946
65387
30574
28529
75635
67444
69494
1911
34685
83839
26499
12164
6023
16090
77122
14222
8079
28560
28561
61330
83860
14233
20378
5786
77732
42926
83889
8114
55967
21834
59326
16320
67521
14274
61381
18378
75968
2381
51156
81877
75734
2007
85976
67547
88028
39242
79185
8168
26605
71662
42992
14321
14322
18419
12280
20474
35232
11545
55680
51267
48894
25060
82998
56122
56124
57290
57296
55836
16251
51847
88020
12018
69056
9256
53730
9253
46790
49300
58073
68179
84690
3517
62360
33303
36849
62885
69886
61175
59349
46969
54177
33858
62089
52492
27571
87106
68260
40969
68826
29432
76882
8018
26627
7451
35938
66500
88702
26565
26563
74955
79007
4725
13615
13616
86225
32221
80895
17628
11751
51104
51109
20889
60019
13282
74224
80100
80101
85422
36302
36300
36305
46653
42480
46657
21288
87377
20087
41357
48221
48222
10399
16253
18327
59628
59620
9758
18326
18931
78475
63275
26818
26816
18537
68340
1767
29596
83138
83139
83134
24551
24553
37295
50080
1540
28355
58532
72136
72137
13843
59084
77564
55100
55108
85990
85992
17921
53143
35214
35217
3041
43302
10703
25043
25730
10704
46792
27397
73917
73913
24589
19918
258
9502
57411
55207
49545
45462
81992
81771
67266
49898
11487
3535
68119
58122
38569
60461
36820
36821
23839
18549
71511
58949
58239
60871
87299
27555
27801
38195
87129
48059
40942
29744
14740
58420
31745
79513
72277
76208
12859
8522
12857
26600
2798
52834
4290
24761
65208
69692
77007
4748
19764
56844
17608
17602
13510
86865
52699
64004
64003
64553
87457
6182
41691
2725
48203
48204
15863
39806
51928
80384
16911
71184
21403
819
39955
5263
37188
37187
14182
40202
83152
67313
14325
63653
4579
23184
17988
79729
30600
34982
59972
30359
22459
31319
86232
89009
66953
18921
38385
38386
38382
35273
6437
6434
82409
73601
59926
32580
79395
16741
85486
32727
16213
51802
20603
88061
85380
58033
52573
70110
939
10744
58965
11837
54202
13097
44207
44204
84525
84520
41525
41527
57924
9381
29729
67144
71571
59566
59562
31763
26999
42972
78891
71794
78117
34044
8057
72211
8508
30018
72217
2886
2885
7492
50321
50450
66549
23012
88290
61010
88295
88296
24746
24747
35642
35647
34372
79994
23906
23905
32346
42377
75792
70569
10358
33154
39824
42190
10532
53230
53547
53549
88566
63509
75130
22991
18976
18977
26852
40046
68651
1729
469
5247
15831
40597
58574
48480
56012
66930
53065
59196
67339
28286
48872
23222
27029
72688
30954
59229
15307
82176
7774
19480
3919
6737
8318
78905
56418
50151
216
32709
32708
88703
81154
77477
69220
46775
64526
21671
21670
11473
43100
17149
25196
60428
70179
53936
83415
80463
27599
27848
48014
70799
40900
44489
29703
78358
76027
76791
43863
59506
78687
33562
78172
78176
30033
12899
30036
30034
30038
26642
43644
66217
66211
50307
66219
68519
28071
26505
6521
72941
8268
53789
5822
5826
23699
64779
74790
61295
65792
65794
196
74244
74247
80619
74539
8660
21991
57573
2764
6273
63568
21331
41997
80870
71947
44545
40060
71948
5221
8900
11321
13117
15813
71050
14368
78539
14366
79761
79762
20318
76490
83994
11188
29060
47040
41493
28913
47739
87475
494
50828
32540
34722
72553
56438
56435
30696
24469
22401
81130
69241
81135
77453
16825
24809
46713
73205
56295
64983
64980
5030
4434
60157
13323
52533
17120
17121
53916
53914
972
20120
62378
62805
64232
59744
59741
63175
78373
57962
57961
29276
63178
58295
37068
58297
33768
18521
30584
48553
34263
7102
29187
29189
57087
33584
18780
67270
50365
40652
66275
72035
68534
28580
47920
73783
44659
5592
79200
50583
43358
11203
43353
51362
65008
61729
61052
61050
23943
82599
2292
51980
32371
8697
42403
16163
42404
17337
56358
17332
57556
53056
10643
63765
61944
64536
81676
60091
20804
63540
63819
84778
22951
4596
70528
11998
57121
54585
62499
62494
33249
62149
3042
3044
43450
44031
81322
29519
47719
28933
6451
8687
30916
15347
27060
48834
50772
3959
55094
8353
24442
61555
38186
73198
4066
81444
28107
60395
38875
4452
4451
953
42093
21812
24866
20143
84093
20148
68612
59724
59725
27882
10453
39656
29218
37048
54267
59090
59091
49295
37625
37624
84544
84545
83013
595
67707
26688
71481
40636
58417
58419
34241
35190
73762
5576
72909
79268
72901
31301
3268
51347
23437
68896
65933
82309
39139
74289
42467
80652
16190
63702
57534
57536
21151
26105
26101
42287
53074
14229
32755
14103
58620
17715
18213
52703
10596
20421
20423
27438
40020
47881
68949
41737
37244
29530
15419
59285
15416
56364
50281
61393
88357
88356
61176
28774
28770
49129
19420
75818
75819
55768
81796
87677
11416
51883
60119
80223
77087
87239
48349
59873
10123
53620
29235
36991
37020
54932
49699
21748
71242
62844
78196
49968
40344
44316
40342
40340
29942
62262
58474
34221
30279
6323
79240
79249
14101
23185
47348
61761
6557
27749
15068
27742
25929
19777
25670
23989
23981
39113
9886
74557
12771
32331
22588
10958
69899
64714
10957
16464
2259
2252
21356
46258
4090
75605
75609
2786
45698
32074
57041
33467
68388
62459
7413
60634
36033
85959
76384
68965
68966
71031
78077
20350
86758
34788
8394
61374
77389
24403
24402
3195
47754
1363
61519
22469
22467
13736
13734
4023
11382
43275
65156
21635
3996
51063
84206
56582
56233
52261
60350
65873
56054
25442
42052
80206
42582
46000
2441
64299
83001
64921
39926
16817
85184
12120
2734
10414
53602
39693
70246
63447
9320
33073
45318
37008
18857
37006
37000
26971
40189
84584
45067
59858
40367
54372
14715
33690
28563
76712
5456
31690
31693
5533
5532
51477
23514
68712
23615
48958
3836
36825
379
370
16667
6145
18897
18896
15412
15413
65464
75442
26144
43048
43040
11598
46274
49775
79827
75663
70014
57069
10623
62474
58847
62479
52745
72910
13198
53298
53299
63874
80561
48420
34942
7324
8371
19877
71633
78277
12956
41773
15671
70902
59131
54745
33992
54740
30753
76501
76502
76507
6463
24393
86730
71682
2384
24904
14505
66087
418
27557
86343
86344
72893
11362
11360
89153
73938
73283
20622
82080
65671
74107
25422
53995
25421
80773
52245
7843
12105
77147
9343
9344
9346
46686
63467
1813
45265
41214
26954
80958
68759
3220
68022
78480
19421
45888
45703
18922
78736
5511
85854
45706
87632
34086
79283
5129
532
47306
47658
66411
11104
59304
35136
55486
76999
39150
31360
31368
7544
50500
19342
65191
12734
69509
8032
21131
24944
21133
21134
38992
22726
43537
43538
17517
17514
25093
25095
85281
20661
72875
36561
42959
20445
45746
70691
9286
63098
78257
71343
76692
76697
70967
15924
34430
26720
2982
24377
14699
47826
47827
67957
35266
73110
11344
50990
89133
86310
30960
2241
25403
25404
25405
15338
16586
32292
42290
46047
39963
39966
16363
16362
19805
61804
26260
64129
85495
85496
84016
1835
2404
4982
81002
2151
85728
14065
73058
13256
18980
71405
62207
5498
29439
42202
23658
87738
87739
6538
73854
29659
31160
18884
29650
35114
29654
72456
55469
55463
34602
73582
24586
31381
88678
88675
58365
13895
26455
36997
24635
22749
26180
69783
16117
55188
63137
13407
41954
24964
24962
46453
20602
62432
62433
62435
64372
74315
74311
74319
46989
42201
42970
41407
21337
83953
53788
71368
54716
70944
59176
30174
53432
37234
24035
71097
49841
63343
62695
50009
20432
86861
7793
7795
58777
34918
71897
76326
76328
1031
22829
14540
34452
15492
8668
17893
13797
13796
13799
13798
89112
11327
32856
61117
61642
61440
35490
23823
23828
76813
74419
42566
80734
80733
44313
56252
7802
57693
65766
32140
19863
6395
81706
2398
21218
21215
75238
49336
49472
85746
1933
5128
68066
62599
62598
70770
70773
14731
37397
54319
71421
33368
14737
38712
84399
20032
22797
41611
48705
15793
21625
59697
59695
44391
44390
29415
47619
79794
23106
59343
32628
87717
73831
10770
31636
55442
55444
44821
35392
9801
22506
88657
61100
26474
52948
18559
69814
32444
28100
38957
51979
35538
51974
19302
16175
55999
60500
46432
27303
27302
69105
81902
80051
74331
12081
49282
42732
42734
49286
87080
33171
30484
63368
26835
83354
2943
5355
27313
31286
31284
27310
27311
31288
24487
30890
30736
66860
67172
51684
29750
15216
82754
16543
58657
88224
10879
52889
56502
52887
63621
65747
21054
87097
81224
86900
21237
21235
46370
21231
79941
41853
79943
81042
14022
54486
5109
17051
62575
13217
33618
33340
20545
20016
83508
36648
40102
84410
87694
69832
34770
8257
8787
8786
8784
1912
29698
73810
77841
37114
78796
34645
79440
50563
47634
23166
61123
73252
8512
4129
89099
32424
31873
11514
11517
11513
11512
27095
17200
56773
51899
65353
46147
85598
42715
36896
21170
84171
84173
53477
63389
2079
3546
2967
2966
71583
68984
79143
78636
33805
15986
23570
61602
59063
27662
27663
27660
28801
76850
23316
15234
24320
73179
35723
73171
6439
6608
6438
88758
46926
56569
63583
50603
19532
85536
29232
23399
43383
49078
21967
21787
3738
3737
1892
4925
79922
57166
43651
43650
43653
58128
14002
54463
20786
2782
13642
84786
41264
58383
48295
36663
36667
83830
31958
1795
48746
18250
78408
18256
71462
30674
76445
76111
15514
88436
13514
3095
29696
26431
24695
28148
28143
79469
73345
49689
51235
5959
11535
82495
88698
64642
21752
85202
85203
85207
25275
74371
9799
36032
36879
39797
62941
9065
10288
44298
10281
49820
24056
49828
49829
22846
20400
20999
20994
20992
64547
707
40735
81393
5319
64019
18068
67660
67669
66535
59042
59041
29156
82063
12579
35744
55367
86027
16507
51398
61084
26597
56541
60978
65257
75568
75567
75564
14707
2339
49109
49101
79909
2489
5145
20769
17013
17010
45824
48505
48500
34828
34825
20505
44664
22789
41104
53535
63223
33301
14281
14938
59907
59455
59456
30875
39422
54171
68376
37151
67341
67348
11148
35086
28160
58789
34684
27096
18562
55170
11551
43082
51259
60569
48035
82211
32027
16264
55826
32023
32021
32028
51879
6012
6016
53552
9261
980
11840
12393
64441
26019
85626
38059
9089
21591
38536
68411
2670
30460
38651
13049
67543
48969
87170
81216
727
29794
29797
29829
67131
1163
31226
31228
29171
47194
8556
15275
8007
39215
50398
50935
55345
55347
22664
24713
50642
75541
42243
73060
69399
86962
69951
17388
41839
43698
7889
51116
72071
62514
60005
36334
74238
46644
80110
21928
87369
10382
59617
41696
15711
10567
70804
78442
78441
49783
8834
8836
30633
68053
68606
68600
29585
29581
47694
66182
72127
13834
65890
5622
31976
23271
47030
47039
57397
51271
10486
88382
6786
82239
65657
57260
51850
12006
12005
88033
57400
57403
21604
23010
75007
22806
58062
45781
38512
70124
2694
53729
14650
78385
71293
38631
62893
36165
44253
83461
54185
33539
41576
27817
17830
23513
47202
23515
47200
23517
59005
59003
56564
77967
31755
31756
76219
8020
88550
8024
42581
66575
66577
52802
22398
22394
69403
77296
28647
66796
86230
31978
43324
4752
43454
56905
58733
56670
3751
7860
75297
60249
57672
83735
52118
52111
52113
13298
60793
85454
6195
46664
46662
49141
20098
87349
45317
73033
83852
16901
80396
70823
53579
62796
62799
40099
40092
26820
40097
68339
68333
11108
3035
11105
48751
16203
66963
56644
9636
27018
73670
72504
28430
73905
56110
16736
65684
32069
42799
32064
16188
88051
86397
21629
63071
84672
64959
64483
2502
58046
46500
46859
52567
52561
84397
60470
57421
70103
70102
14679
18556
14675
33736
83442
23173
30424
44239
33558
87134
41554
67170
57931
10199
67234
72086
68817
25882
59578
30280
39560
8515
8511
67790
35903
24289
66226
66220
22624
26537
64978
77500
23398
26420
28880
35675
43175
13649
51482
32905
55659
19752
5816
56879
52359
23931
60623
82377
33699
82378
60044
2701
20870
53884
42304
80156
85473
85472
53085
53084
16963
63791
53225
53222
63530
14990
14995
37355
37353
37352
37350
45332
86415
26847
6607
71972
14337
56562
14332
30361
34337
4183
35064
89039
5660
9384
67899
23723
48869
87420
87421
73613
6747
83057
35242
73924
9956
19927
50004
77464
75133
85396
75319
75311
75312
64970
81729
11466
43178
43173
58021
38803
17402
13313
60453
9576
9574
58799
33713
58791
20119
20115
20117
85640
80457
80454
85643
44213
68788
68789
70784
70781
46170
29737
83390
83391
71569
34297
76785
72063
59515
59514
31713
26986
71788
18759
8067
8063
8061
40667
50338
50335
2891
50447
28060
71428
77252
77785
43369
35652
55679
61009
64784
25379
65965
27205
82603
72065
44393
43583
51426
40596
40595
42363
75786
75784
2778
10323
10326
2770
16415
7973
9497
12252
70318
14005
19146
46957
63519
63515
21459
26989
26984
45357
41321
80863
85487
71959
13125
78572
3070
14311
58583
27446
88140
17954
66926
31522
85921
47584
59186
59184
23210
48804
82162
12416
87696
31030
10979
73631
9691
50788
77599
74064
82290
72541
88898
9939
9932
44289
88096
6092
46821
43774
69564
65577
65579
24832
49040
58009
1100
17138
75015
58431
36720
4423
13335
53924
20138
20130
46894
42642
85115
45011
19411
44492
77624
57977
33772
37099
8939
76017
86597
1692
1691
12883
44940
50311
50313
24241
82173
28048
23021
28596
13932
42933
72224
35071
35073
42936
66483
66482
11279
32942
87876
60221
51190
22088
82627
65906
69069
86833
51999
51998
39852
70083
6739
7913
63751
181
26130
21306
56965
56964
75107
29297
80885
80884
71688
13104
37280
9339
28459
51312
14373
14370
14371
20300
45952
67058
69368
89078
89072
47700
30906
15423
87468
34489
59254
50768
50767
35023
35020
72566
82212
55737
3943
73968
22179
61545
55889
43750
81457
3610
75359
21824
56285
11422
17440
52505
60144
36707
36700
24814
24811
24818
80271
87264
41287
84081
62361
87268
81808
42664
42884
42883
85177
42881
21672
29265
10463
63148
18539
33750
30226
34255
1613
39500
37619
83026
67261
67269
50372
50374
29992
29991
58422
14745
24267
64968
77213
4208
4201
4207
38273
73515
32965
32963
51351
51350
22311
4899
10324
82314
78895
82319
9504
12749
12744
7931
7933
7932
7935
7934
7936
57013
39876
21147
21142
52192
64032
21363
38472
56946
79850
3422
17583
70536
14172
71667
60605
11187
11184
54739
17919
44045
44049
40018
1084
85966
71479
79667
15402
8695
8694
846
82124
8690
39314
61386
88329
34757
73986
28926
28922
83732
28929
61562
43739
5790
19458
82873
81782
49567
19233
32754
19236
32757
86950
13377
74176
85373
49003
48359
45589
41262
45232
36180
44009
9066
12172
42601
46582
70275
70276
59865
9667
63124
7138
26921
27844
1656
26694
26695
67714
67713
40609
5401
38788
76728
38781
73758
13974
77897
73756
73754
18112
18110
8595
31333
13574
4666
71044
16612
84841
64893
63710
63715
61974
75491
64093
81643
49748
85523
21348
22927
4870
60592
38410
57034
10612
2793
70517
14113
14114
33499
18473
18472
52712
68399
68392
13143
27423
7778
67010
44068
44066
47569
15644
29017
29012
71026
78515
15392
15395
26773
26772
5112
8367
61361
61363
53499
28940
22101
22458
26341
52273
60366
23856
65323
23853
27164
27160
27163
65623
86999
86998
60108
25105
36228
80234
46745
55636
45216
57190
42624
42629
59843
70259
70702
9319
57997
9640
9311
49688
33064
21755
21750
21751
26904
26907
77631
77262
1637
41647
41025
45070
2817
67223
29954
2818
54365
59235
35168
12417
79257
30082
30080
35307
23199
61777
87819
87814
78854
78857
76968
73085
19377
42454
88896
4529
10960
69554
69881
16490
77618
2263
43503
23691
11632
63342
18459
18458
58854
18451
18457
54550
52739
62465
36535
62643
84670
10092
39744
10094
76391
15663
15665
67661
78063
79624
39354
86744
50253
58358
61348
61342
404
22471
63867
43265
86359
86353
89141
80558
11373
19410
19147
55752
85704
56226
56592
27142
51613
75843
73816
7852
7857
52032
10407
70726
58991
62872
49406
68762
84244
1610
78490
58332
54349
58339
45891
30248
88591
38297
83736
546
67205
48946
87748
59316
7681
23469
8447
31373
7534
364
74589
55255
12728
12726
12724
69575
69576
69572
74915
24956
75981
81601
19085
64588
16506
75184
75187
46203
21386
70004
7991
11527
5298
62408
5295
58835
5290
64324
60664
52752
17745
36551
42924
85072
85077
85074
85078
84657
48129
20470
20475
9557
78263
30183
10210
70910
33234
33987
33984
34400
40785
68244
47838
50181
50182
50187
77353
72877
38175
79602
38171
77135
66898
32800
19163
89120
60326
60327
65663
42640
60497
53983
86947
46077
81265
75867
48934
19835
7831
6346
6349
17198
52584
44015
57336
27878
75240
41208
48331
4999
80945
85711
37690
49422
68037
49102
71163
29719
58319
71908
30511
62237
36617
57976
85841
40845
40339
23660
23661
15030
6500
6506
35121
78810
55493
23484
23482
72469
39140
73590
73592
35690
34271
84828
26448
24622
65302
24973
31825
31828
4505
4500
2081
11650
11651
27954
62421
62420
81954
64300
74304
74307
74309
85013
80532
80024
83943
70688
53792
63081
18418
76688
76683
76681
76687
12900
12730
53426
70970
21507
49853
83360
30703
50216
50218
8017
68263
79196
79194
68264
1007
1000
40450
14539
28708
11011
76539
11334
51032
61651
74688
11483
11481
82702
76821
74469
28042
12682
12687
21880
10826
7813
16374
16376
4495
69300
26279
85482
9371
9372
49626
81033
81032
2416
2419
48187
2148
85733
68014
1926
1927
14053
41084
82548
52232
70764
14237
14234
71145
71415
14949
12408
34858
44100
83884
83883
52132
18199
59245
18191
48717
68
1985
72221
87641
29398
48909
15543
8265
87702
73828
8276
31628
29646
57850
31622
72449
34673
8406
70461
35818
61085
22518
26463
26462
64812
26467
24643
24645
8219
65498
43349
8218
82910
82913
69794
69795
32636
74899
16167
19318
56740
3484
13416
32944
24911
85254
81937
9604
80514
54717
42965
87167
71310
71314
78224
71318
33140
70408
37241
78595
68466
756
9157
29899
50239
50238
50231
1024
77319
37867
14558
14550
4095
13785
35715
5735
11319
5732
66587
23588
32842
19124
88870
88871
20444
47128
61585
8098
22189
12665
69493
61281
10802
52896
57117
57114
65775
65772
21069
86918
64179
43973
68748
63187
63186
1845
1943
54490
32745
62584
57375
71120
80985
36652
57809
71434
13811
76474
76471
76470
611
79789
34127
55181
55187
55185
67849
50000
50003
50555
9831
87988
61444
87983
87982
10653
32433
22799
22795
75924
75925
77695
56482
51209
51208
16149
16147
51206
32205
16514
17546
85233
57582
11691
65347
65346
27314
24938
24937
5370
65349
64437
81917
45175
74344
30774
45713
20941
9238
9237
54806
71334
56555
21545
21544
20491
68447
26796
29876
778
83327
24322
5368
11051
3129
17849
72811
8659
15997
15993
15992
47829
15192
67471
74644
47310
66705
66700
51690
47141
72768
12502
12500
27079
58621
50612
16880
16887
19856
63617
86938
44530
49664
17686
4938
45545
57178
49483
52612
52615
20790
68052
52618
68054
10489
36419
53693
53872
33338
84791
34811
36677
55827
80301
48757
78410
76109
33764
31660
29689
7601
37105
34107
88935
88937
18302
86159
43233
28337
39141
86032
31086
73684
4118
4119
52124
38903
81685
61137
61131
85219
85210
46173
82269
82268
60033
69139
86257
74364
36082
36886
70195
2643
9211
54868
45155
62951
44283
53481
70447
10293
21566
24042
63392
63393
75016
3552
89075
44467
40709
44469
86630
1063
1067
70992
86081
71713
33818
14597
20216
20217
79687
62040
79685
76599
20219
83304
83303
83652
5773
23546
23545
25879
29147
23895
23894
74997
28818
66725
66723
65300
35975
73164
16530
10840
52858
10848
29500
68144
12197
26211
43423
49138
21976
3709
79913
79910
17666
41868
15424
81094
13577
81896
20771
63494
9681
9680
48510
83828
36693
25628
63399
6854
41133
14633
83796
83798
14291
33640
58396
14298
78430
71476
78434
59445
8208
39416
31641
88918
63668
86176
40515
14431
24511
72177
1506
23153
22208
3885
3887
55416
56143
56497
35569
43092
51719
65121
25007
85276
46117
32524
75966
75967
69154
69155
6003
42276
996
10058
49120
10727
45131
26009
39747
9095
9090
44262
42855
21587
17494
3575
60681
2664
48182
2669
44408
2935
2932
44404
14608
11897
76608
30471
9889
78604
40083
54158
54159
17808
33870
30785
27514
87168
27510
73666
731
730
67128
83675
83679
67121
23521
66529
66837
35953
55357
32202
88767
6634
60967
60961
60962
56556
24729
19547
31920
75735
3768
17391
17390
43663
43665
43666
19895
17025
60745
53388
80127
48571
87315
83809
7271
59816
41110
78458
26583
87562
18918
18262
59937
30646
52325
52054
86199
35895
40572
58497
77546
88979
41298
8480
88973
79498
50230
79495
35547
10611
73462
19390
61179
87961
82440
87966
87964
25064
6792
75945
55839
46701
65504
24884
21615
46799
49566
65509
21612
26022
69177
44249
44240
58070
68178
87263
71285
71826
71289
71532
61173
13051
70483
33851
54173
33859
41560
14689
27576
29813
29812
67105
47212
66899
56971
39599
7187
76886
72251
47672
72259
65882
8014
15281
65885
88560
88561
7456
35933
35932
65088
16375
52814
84906
84909
24709
69392
59731
75532
22019
394
76494
86229
48914
4729
5840
16068
3743
13534
4628
20884
52105
11991
60014
80104
21932
21939
41350
83862
10391
10393
10394
7218
12221
12228
15875
15870
57884
10571
21422
78471
72891
30627
76866
40082
54275
40087
68348
50089
24555
1547
691
696
58535
14474
72139
79708
79707
79704
79702
31570
77565
73665
72394
85998
62637
62142
25420
82429
57471
56453
55817
32077
88049
49561
12037
81198
57410
57417
3682
84102
3685
81998
64923
74687
75077
5052
78521
10760
70139
10768
11480
18890
54993
71512
18898
38625
62313
83452
27556
27559
40622
29747
29294
68802
72095
1159
1157
30293
30292
59018
39579
31743
76204
79514
79518
35915
33765
52839
74685
13987
28659
80446
75516
75515
39465
69696
73056
4749
32241
16006
56840
56841
17604
13518
2188
13512
48838
54429
2799
12688
51121
15345
52168
81389
41698
25568
6185
6183
45322
23993
16914
6231
70366
48963
63525
63251
10514
41376
86409
5265
40200
4576
24158
14320
79721
30603
30609
66955
38388
34187
23718
23715
87432
79508
55784
6758
6753
73937
19930
88067
17799
81170
42738
49524
2538
2533
58031
38546
38812
75096
70111
70113
58962
48558
85126
44209
80448
33548
33543
84528
9387
29725
29727
9388
45509
71575
71577
72074
68865
68864
1134
42976
7142
37640
81447
71797
78110
37648
72219
50459
28094
47254
28097
24290
24749
28892
74913
14406
58529
31943
13655
43313
77793
86264
86261
5809
33579
51328
51495
55664
65048
79992
65955
53894
53899
80645
85469
16688
85462
74261
16681
16682
85467
75791
4888
10688
10687
61905
54521
53232
63507
9712
9716
75136
22993
8881
48260
57928
80859
14238
71963
40267
58579
32029
79742
58371
1586
5651
59191
21510
67885
37715
28287
72687
27026
27023
47061
82177
82174
7777
50841
44101
19484
74070
34704
81894
82288
56419
84358
50155
50153
9924
9926
217
55503
211
218
22174
22177
49341
77474
69227
69228
21679
21674
75304
75303
64967
45420
80796
46887
58012
25192
36759
80286
58908
14821
14825
71899
87258
45281
83411
44771
44775
41050
47808
41509
59764
48016
54227
37089
34284
508
15936
39533
83773
31704
33561
33563
33566
78174
8076
50309
1447
1115
55512
28075
72948
77044
77048
2307
88389
4781
4780
51306
32930
32938
32939
48907
59729
64778
51164
9676
82349
69070
74249
42428
42356
9679
17899
57575
10330
10336
70090
34456
6277
6276
31621
66026
9730
21334
855
22978
22977
22972
48247
80874
40065
88034
89115
78542
71051
17944
28449
17943
14490
14495
18675
33928
83995
66918
66913
40246
40249
47043
6479
6477
3935
32547
34727
34728
72557
88312
56437
56433
50176
19201
19207
19206
69243
4049
43297
21838
3661
65588
49072
46710
67072
2579
2577
5036
4435
13321
4439
977
53915
973
36734
80628
21933
80268
80267
62370
64238
64230
26461
45004
84569
59740
53662
29279
14802
14803
58920
18522
30239
49921
34000
40654
40651
58434
28050
46712
24252
1468
68535
1463
77200
82914
24781
24783
2
5591
5593
69796
79203
79201
72781
50581
73560
43359
11207
43355
43357
32950
32956
51369
88788
2699
60890
60237
70656
76916
14874
2294
39866
63768
63763
63762
53273
63646
63647
21317
56976
22957
56978
4593
70523
4594
44526
44525
11990
54587
54586
62497
78529
33935
11192
54721
62635
17927
34928
40006
72581
1098
1099
61389
41710
28935
48839
12422
15344
50771
55098
30626
60888
41574
55543
7661
32976
22133
26338
81449
69913
32743
19994
52513
56011
52516
38870
4453
4456
57493
21813
80795
80794
68347
42676
46591
45027
9671
9678
71261
21762
71269
37591
54912
33033
59096
50088
68083
68730
1660
67250
71480
3387
32222
72018
68557
68556
77882
77881
77889
694
81621
68065
79597
31302
335
334
337
336
333
332
58533
5126
8711
51341
51346
22309
74758
23438
21690
82302
42747
82306
79700
79701
39138
79526
42462
42468
16197
80654
80657
12752
88103
56370
64738
74575
81652
88105
26103
85553
22931
22934
56958
79869
56957
71423
53070
2015
33486
71670
71426
71136
20683
20685
53251
33261
33265
72398
33268
27437
20422
83225
83227
68772
67069
85971
29534
21525
29533
22020
31122
453
454
15410
8377
61395
77146
26350
86306
77143
77418
77148
4000
43257
4003
19425
51089
81794
88390
11417
14224
51886
74148
15798
46020
20162
42619
42617
42614
70266
59871
10126
29230
49693
49690
37026
63133
26918
25046
78193
26916
82436
84214
77032
68716
40346
45132
67237
2802
2800
19261
14739
14733
28544
14736
76049
30275
76042
76731
46586
79245
42605
34598
43327
31328
31324
31326
51415
51413
14104
48978
61767
18487
27741
8270
25671
25676
9664
73527
3106
74550
74552
3107
74558
74559
12778
55917
69896
77600
25586
2256
81325
13782
21352
21353
49755
63855
63856
22918
60584
51115
38406
38407
11602
58865
54545
14126
18461
60630
60631
36529
9798
36035
23581
54761
33206
48150
48158
67007
39759
18665
44074
46875
68969
50540
12976
41756
15651
79658
8175
86752
76021
61373
34782
77384
40400
67917
67910
67913
3199
22466
22464
22460
13735
35788
35789
43274
19159
32529
3998
55769
32523
56587
60351
35432
23845
65874
47120
65656
51605
25445
42050
26692
75836
42580
75839
2443
2447
2444
39927
42636
42637
61586
12122
10417
53605
10413
57982
70716
70713
70710
63440
16684
9321
33072
37005
37551
62868
62867
41361
86563
86569
49415
49944
56845
3533
84279
59859
33695
14718
58328
30525
10600
19871
35150
38780
83056
67213
67210
66163
51472
77899
35186
25941
25943
39929
8450
35840
39175
73095
32316
12713
84874
3204
84870
77598
25617
64844
46492
16485
19308
65462
26142
26143
69740
10803
79826
70995
11621
11620
33442
53291
37376
80567
80562
80568
63878
62650
62652
62658
61850
34945
48135
83269
7322
83261
13420
78270
41774
6461
29572
33999
78016
76508
12481
15456
15457
15459
40796
50242
26707
77360
43210
69970
69976
86347
55748
19178
61352
60331
60332
19281
19280
23869
82081
61535
65676
25136
25137
53999
53998
80772
80770
19824
19826
16341
16830
7844
7846
19829
61825
77144
56072
9345
72096
63469
46683
14881
68804
18764
86503
85700
26957
68758
68021
68023
43255
59838
71174
45708
38757
62224
19422
34881
87633
29908
538
47651
25961
8702
35133
39483
39482
8452
76997
8709
39157
39156
50055
50054
7541
76207
19343
60814
69503
86082
64826
38990
86889
86880
75646
75642
75640
84848
17518
34533
69878
25099
33604
5289
58828
62416
62418
60670
60672
28291
60678
20665
7615
36562
80545
85066
80015
42778
80011
20918
9288
81603
18421
54506
76698
76695
10207
78035
51322
30771
27449
24376
68925
68251
47532
35590
40449
40444
47794
28711
79615
76520
30900
73111
11340
11343
11348
43231
32871
29888
83356
35476
46754
27133
46937
12690
7829
32120
63660
84013
84017
3794
56899
3790
2406
45246
85725
85724
44114
1957
49986
13250
13252
13253
71407
58499
58362
54336
58364
70518
20052
13499
18180
87657
510
29437
83094
628
15553
48913
58873
59367
31161
29651
8478
88458
8477
34601
44802
50529
50528
50035
19324
29236
9658
26457
26454
24637
75401
65318
49692
65314
65316
26181
22746
51926
16118
13401
2091
13406
41957
4605
11663
222
221
46459
45187
27927
27928
25216
81925
74310
51062
46235
42979
42978
46239
80527
41405
39731
39738
33407
81169
33153
59174
71094
63341
21519
64555
50559
30714
27429
58774
58772
47801
58771
24357
1039
14324
11061
8667
17897
72667
89117
11328
61646
88864
88862
35498
35494
23351
76812
27119
8088
55692
16564
40343
6645
40618
52202
28826
53151
32148
67725
32144
6397
2393
86290
80193
80192
61599
80195
21219
75239
79961
1850
43618
49471
80993
85740
80996
1932
3264
58160
5120
1426
58470
70771
37393
14226
14227
71135
18210
9670
34840
68682
85818
41613
87679
23109
79792
63784
59347
16541
8271
39448
26882
8102
31149
31630
78824
8410
50017
50548
61603
9802
88223
88651
61105
65152
58226
55233
38954
22762
75425
82906
31855
55227
55222
19309
55229
38486
75680
60503
85240
24909
69109
69108
74335
42735
42736
87088
20484
7340
7341
62901
62909
33174
30488
63366
63364
9020
18687
24010
741
83350
50229
86266
50222
5356
5359
68211
31287
37872
24486
48061
30737
79302
79300
86901
5743
66867
61663
81919
47743
64430
51685
28823
5261
82755
82753
16540
84970
6660
6665
19842
16897
61840
52088
43900
43903
77170
1872
75748
4941
41858
45575
81047
17054
1916
13215
36394
36395
36936
882
34864
51090
15105
36649
9880
26871
87692
57814
57815
71444
40812
72149
8253
660
59414
8780
1915
29697
37110
72490
72367
44849
44842
47636
23167
23169
87990
69879
32422
55422
28120
36426
81695
11519
11515
27094
51749
51218
51214
51215
5974
56770
25030
85221
24929
24925
80079
36894
70187
36890
70189
55126
9595
33113
33115
33119
71322
47221
70459
10261
70983
63382
75000
21553
75009
44452
40716
40711
34415
71584
62385
5375
1072
1073
58735
28452
77983
14589
14580
72801
72804
72809
17854
17855
59067
61607
59062
28456
61609
28805
25587
74639
72776
47151
47155
15321
74181
56563
60959
69463
29473
75588
65725
47859
77720
46353
8108
49126
49652
49650
17690
45559
41878
13587
45552
41874
43656
43096
36407
36400
9696
41935
84782
49073
14917
10706
55785
76460
36666
78947
80333
80332
40381
40384
40389
15537
15533
18214
59389
35051
59479
59470
59476
7639
7630
9946
9947
88927
88925
40526
19024
79333
55658
63457
1536
1533
11798
4103
85460
26432
39681
16212
54246
79467
38313
38310
32403
79468
73342
73349
11539
88697
21756
56718
85201
46168
82278
6393
69145
64394
74372
39798
70615
33137
33134
54391
10289
24052
21575
87000
3565
20996
50564
2907
2906
76611
27704
71704
31240
18069
148
79698
79694
83313
83315
51535
74642
66701
29157
23883
23886
23885
74291
8574
8575
8572
82069
88598
12578
39239
39236
51395
55361
67228
16053
88771
44305
84930
52845
24732
50625
65707
19888
65702
19885
19884
86940
2337
77707
77701
25481
32903
25487
46622
12977
17671
60288
4677
63959
5149
120
121
60020
81888
70288
63489
34821
44666
83814
54447
80357
15735
15738
72619
18270
30653
59908
67832
34174
86160
86161
40505
76134
76135
72105
72104
72107
72108
88322
35088
49053
28161
15359
88902
65171
35227
35221
65172
73414
33722
56486
43083
32687
58150
31721
87955
64660
27364
46104
63965
56775
16266
6010
9262
9265
1123
63031
58889
12396
12394
88805
21596
21597
84688
68146
75042
75044
68140
68141
2677
18595
30920
38655
70496
86418
43915
78676
17813
17811
61778
23536
1161
1162
23538
66514
12805
23315
50936
55348
16073
55343
22669
26578
69429
10897
26573
24714
81240
86215
77764
56837
17387
16383
51111
51110
17032
108
64054
100
107
64053
74237
74230
36330
46645
45666
45661
41343
10383
10389
80375
7266
42127
41168
15867
19405
24157
78448
20795
30638
83296
59924
52619
34339
65894
68350
29584
71795
50090
58527
14402
71320
1578
34373
79716
77570
66988
66989
88966
88158
72387
72384
73477
25058
25054
46125
27382
23231
80585
81185
81183
69897
45475
44789
44782
44780
24098
75063
46877
46874
70128
2698
54985
38630
72175
54186
61015
17831
38183
67111
67112
68187
59006
42588
78654
72246
76216
76213
76218
88557
44923
2266
15318
10509
22647
22397
69401
69405
60930
66797
47849
73045
43323
56675
2192
2199
51131
51136
52117
66885
36310
36313
64030
64031
31940
45648
48234
78936
10369
10366
16905
16904
80390
6226
6227
12214
59631
23662
9760
10501
10505
24170
18946
62795
62794
3130
67565
58851
1770
37190
68334
83149
24543
55665
1551
73927
11106
28346
34312
8707
76172
55660
45949
35048
31569
55842
55513
55131
87916
82438
18858
21721
55796
55794
6769
73901
56447
56444
16738
16739
228
224
32067
32065
88059
81160
81163
49556
21627
49550
38111
63078
49084
49085
45413
2503
58041
58049
5048
22827
52568
60478
18880
58958
54212
38617
38614
87289
87282
1521
18771
59795
72884
72886
29754
31952
72088
1122
1124
1126
25881
30284
78103
31773
34055
8042
79509
72264
67797
42375
79437
28080
7801
66553
22626
28663
57225
61248
75502
61247
4774
4772
43300
43306
43305
32908
14714
51331
77639
13500
4615
23933
30895
60047
141
53880
754
74271
17155
16965
53224
10525
63533
45331
44572
67091
5252
31930
40212
11128
4256
3012
59961
59965
4185
4187
5669
67321
33712
61132
23230
47072
23726
41561
82413
87423
73615
73619
72525
72524
32592
78935
33224
9957
9951
83052
19254
32730
16208
12042
88073
88074
77467
49538
23270
75315
75314
81723
26079
2529
57223
57228
58025
17151
46158
8272
52545
17154
25187
13319
9577
11808
58793
58795
33715
83425
33245
68784
68780
70780
41533
70789
29735
83392
10077
76788
15128
72061
27583
59511
24127
26985
77924
7152
7150
49656
78693
30004
46606
30008
73898
40661
86609
40781
22351
77251
73004
77780
77781
4798
4796
5837
65037
21972
65038
56639
56632
79985
79925
74783
74782
81807
74257
89140
75788
33975
4897
16411
7978
7974
21182
52156
70317
46955
21326
22985
841
75128
848
41329
80867
1581
40059
71953
1739
68661
78577
56591
54008
14315
54007
54003
27445
20322
20323
27448
66927
12490
40580
47721
23748
55841
28298
82165
82169
12412
30924
59232
78914
88895
88891
56407
73492
87594
19275
32716
88092
12066
81120
81125
50443
21844
46822
50446
75333
75335
2542
26099
5004
5008
55243
13333
4421
60436
13334
58914
20139
42644
42641
46891
41045
27872
81615
48029
57978
54254
37096
37097
37098
33598
33596
1698
33592
33718
30029
30025
30027
86625
66265
66264
66269
68854
77275
27
29
32941
23689
88795
65011
60228
79820
76902
61289
61283
69068
70013
80660
80666
88131
39850
39855
63752
7915
35657
10629
26131
185
53266
46975
21308
56968
22961
2751
71685
10403
5212
5219
62481
62480
62484
51318
70337
13103
18654
71061
18308
67723
14375
69917
62041
40079
67052
89073
17753
15680
29052
67720
29501
29503
66012
15427
87466
87467
15422
72564
72562
88309
8325
73966
56423
56425
24476
24473
24479
77476
61540
4051
81107
43288
80569
3612
3615
56288
20021
65966
17442
60147
967
36706
80277
62369
87261
64249
64240
81809
45033
59732
87197
45038
39644
53670
63140
71211
11848
54272
16592
30225
49934
1677
83024
21982
29993
58428
1418
72028
68523
77217
31315
31310
35341
303
305
11210
67546
51359
51358
32964
82317
82316
65920
65299
50902
9507
2774
42414
16186
80648
74561
64741
56360
7282
7938
21145
33225
18623
39692
37442
38477
39114
3426
2008
4583
4582
14176
71912
60609
79632
10582
70714
68761
33927
71003
54738
17918
17913
9833
87030
67076
68950
11536
12986
29523
29526
79660
47090
8698
15409
21325
61385
61384
61382
19183
55711
88328
73985
28920
22981
73185
75809
75808
849
60387
57713
57719
19983
19988
52077
52076
60163
21805
42060
71510
42602
59868
59866
59861
59310
9663
36981
29209
9669
37057
33004
1658
21792
83000
50358
21973
50355
2830
14724
34231
34232
76724
35181
13978
77890
79581
79582
79278
37084
79270
31332
31339
25641
23423
76943
9894
39124
9897
327
77093
328
74814
74816
64727
89155
16473
16471
75497
75494
51048
81649
81316
64095
46241
49747
85522
75146
4871
18478
58656
58659
52716
68395
68390
13140
60624
36515
18613
18612
20434
45916
45917
83252
68974
6179
12961
12898
29016
78048
8105
8106
79647
79644
465
1350
460
462
63499
39338
39337
70537
8361
8364
8369
61366
61362
33875
53496
28762
47749
65678
77173
77171
77174
26348
43247
4014
51095
19434
51099
72900
65456
35425
73257
24043
23854
65627
27168
38886
46463
75024
42043
42041
42597
87229
45210
58517
75986
42627
47722
63106
57998
9645
9647
28299
49686
71256
71257
41244
86572
3215
68706
26504
84599
2814
40370
40376
2812
67224
29951
14705
14708
62277
58468
62275
68567
47970
1184
76708
51761
59237
35164
35162
35161
5527
72282
23196
23193
6544
6540
87816
27750
48961
16834
73888
74706
342
14921
8803
19378
6156
69880
21104
65471
61993
7992
2265
51307
56901
75615
75611
79816
58852
58676
11945
58672
27992
62467
62466
36536
36533
80575
39745
60665
15664
78197
18636
30744
12493
39355
50256
50252
77374
14887
400
23297
4033
11377
51079
60344
56223
32796
30862
27141
27144
51617
61529
60122
56043
36235
36230
42020
74139
61293
75847
85195
39916
61837
23159
10401
53344
53345
36496
9626
9625
14891
45278
49408
3234
5195
58197
13265
78496
78493
58338
78262
68585
30247
31115
5509
5505
18157
38291
87609
83041
549
23605
48942
59314
87743
87747
87744
73865
32492
2769
32499
32498
8444
72404
72401
31374
31372
363
33977
84809
33976
64851
10980
52930
65325
82953
21123
24950
65459
65458
38987
75454
51396
81351
81604
31803
75185
33236
21384
79831
79832
79834
17294
17290
75677
85299
6626
20659
42927
80556
48126
11966
30186
12923
53404
24737
15932
15934
76516
40780
39376
21441
2990
82460
48648
47529
47830
67947
21330
21447
50183
50185
9997
38176
424
426
68243
77138
51055
32801
66895
51580
27403
23817
65669
65660
86943
74110
80765
53985
42007
42005
6699
52237
82544
80872
16350
12110
61812
6344
6347
56066
9607
40066
46697
46695
75241
84005
4997
80940
80941
80946
86536
37692
3258
59805
44342
79352
54329
58318
30515
20045
38761
38760
33693
78744
78746
40844
40840
40848
27713
15032
59370
59375
60281
88991
72463
82393
50046
50040
7556
83944
52919
60861
64830
69511
24978
46197
22755
22757
43541
77655
28440
17508
4504
13473
41942
2088
2089
11659
45948
60686
36575
46990
75937
80022
85015
45756
45752
20909
53790
78246
78247
18417
70972
70977
70974
71080
12733
21502
78028
68481
83367
83363
24366
24361
68261
79191
77335
8015
64868
73108
77487
77486
77480
89103
43226
51037
2949
21584
11482
23838
76824
72046
21582
55689
82561
42576
10824
10825
10823
10820
52215
53166
57137
39952
32135
69302
63437
57358
56885
56882
79973
56881
81031
81035
41883
4970
4971
85739
49993
41107
49444
84289
41085
84282
84281
36900
70767
70761
14940
14943
71146
5484
58375
20028
20020
20022
36633
83554
83552
83882
83089
59687
29399
509
29427
83770
15542
73820
73825
25998
73829
25993
55471
8409
7574
7577
79496
35819
22517
25096
24640
31095
38942
30656
32635
5909
13410
85256
20616
20614
62911
80516
49298
42746
87096
48473
48477
7370
70957
18697
63352
68460
753
755
83344
83349
2959
50232
76337
15451
26606
81015
21322
14555
5
72830
72835
72837
4093
13783
50499
50498
23582
66856
19128
85067
60980
8092
15202
15209
61287
6653
82626
63639
32153
21065
19876
32157
26258
3259
65580
1843
53146
53142
2160
49466
49469
17047
1906
17049
3291
36382
14789
71122
58359
71126
34872
30554
34875
44162
36650
36654
15262
85801
84408
35087
76472
8790
8243
30802
73808
73805
88409
58315
35387
35839
9830
23111
87980
87985
38336
35958
4437
4137
32430
34785
38927
38926
34784
38581
15559
16146
16143
56762
56767
79897
79898
73411
85230
85232
85238
65342
82249
69114
81913
64432
45177
25224
85587
75696
6637
187
20948
20949
45710
7352
7354
7357
7359
53469
69745
20492
84364
29875
2978
42974
71597
2973
5364
68229
2980
31295
33834
54110
29912
79335
29910
72819
65719
19540
66878
5757
61613
15193
74643
47149
76867
84966
84965
50615
50611
69476
16337
63964
63963
27865
77733
26236
69614
49663
42398
17689
45549
41843
53126
2103
54478
14018
6507
14014
14011
68058
52611
68051
10487
33333
33337
6389
36671
85770
18206
70855
59645
87684
70858
48756
33763
67283
78418
72157
39471
15506
54248
15505
86483
37101
82396
23172
28482
23171
28486
34267
88689
88688
69866
86037
69868
55436
38907
3059
81682
23797
23795
51227
25798
25794
64418
74367
74362
83218
10070
10073
36885
10076
70196
9215
22281
45156
44287
10298
46825
24045
46826
78086
49342
63394
24049
3554
75010
68426
24306
70991
13011
71714
71712
14596
14595
76594
83302
51503
51506
23543
23542
59071
28053
28811
23892
12564
50900
7410
35970
55376
10847
84940
84942
74474
75570
2345
54432
49139
49135
46340
49645
21797
79912
17667
43649
11714
43642
57620
5179
81895
132
81890
134
52671
52670
20776
15727
78203
60765
9689
9684
62722
62724
34837
48511
45837
44614
7256
36699
80325
80323
70877
57849
58393
59447
6580
8207
32121
16360
34162
44879
86179
14436
24515
72560
72171
72172
1508
77525
316
18915
79474
55141
73405
56493
11528
58582
51248
61152
66498
65122
64658
64652
46119
73969
75969
69151
64477
88006
88786
995
999
7398
2946
46801
42853
38525
17495
3578
38529
48184
79210
2937
11899
3799
11896
14602
48764
20180
83496
729
31788
78600
17809
28787
87163
87165
30788
735
67120
80530
81458
59058
59056
81455
62096
35896
29169
63881
77950
82070
15264
8562
8569
7472
50436
7474
4422
16519
55355
55354
60968
61217
65242
65718
19544
75556
2329
21822
65590
1293
43667
60294
17026
117
64048
53383
53381
36458
80128
87317
48574
70209
20777
42130
80341
8557
15720
48798
48797
41117
10553
70811
71408
59934
42598
30642
54467
28528
47406
67353
40579
86195
7295
14413
28370
11171
1561
1562
1564
1566
38848
54244
35234
11543
11540
51263
61178
25065
53732
57473
24881
21614
49563
20801
62368
20150
44242
44241
44244
22874
49443
62889
38649
82445
70480
68262
27570
44426
29764
68824
7188
83095
76889
88568
8545
88567
35936
6793
61237
77756
398
19279
86220
31900
74488
74489
3740
10464
20886
20888
60010
60012
80107
85423
87370
45654
57088
79720
59629
57889
78479
72450
59959
83289
40080
41683
68342
89102
29597
89100
24556
50083
58530
1549
8713
79703
77560
55103
38362
55109
23266
23261
82425
31714
32071
28014
9505
45466
81999
81778
64922
75073
70138
53978
21294
18893
54997
18894
54999
54198
40621
20272
38194
1156
1151
1153
59012
15113
8034
46860
65062
65060
3518
26421
13677
13675
38367
52166
80388
51929
30631
10511
10517
41370
40208
63651
4198
35050
83294
23719
73600
6754
9948
9949
9390
51804
16211
88066
88065
12059
56788
30037
2534
2535
75097
75095
22834
38548
44427
70116
68798
59785
41524
57926
9385
62590
22134
33571
81034
59564
31764
53641
26990
7141
78114
71793
8056
78897
28096
28098
14408
77241
24741
24748
28898
28897
13650
31949
86262
51496
65049
32910
51321
79995
46026
7182
36427
23901
23904
27211
32347
30652
42372
16689
61907
53233
24102
26853
71140
40047
71141
71962
63776
40266
28460
58575
58576
63771
1580
62103
31027
31024
27021
30958
30955
78908
73484
88085
88081
22178
21814
21850
49502
3649
75302
64961
64963
11477
11470
58014
17141
25193
14826
24359
83414
83412
80460
44774
44487
34280
76026
59503
78689
37666
78173
78171
30032
26643
50305
47900
2309
14955
6785
28618
28612
77041
77040
35836
71915
7914
71913
23968
65791
65971
65796
74243
21992
39842
57570
70091
15811
71054
28445
87064
45944
89040
89041
50532
23206
34490
15362
3934
19463
19462
9909
82549
82805
46711
21837
64982
57211
57214
5033
5031
4438
87276
40639
19925
53667
63177
37064
34264
7100
28119
31726
50361
86631
58430
24253
68533
68532
1460
79209
73561
11206
43352
51361
61051
54418
60891
70126
82633
2299
2297
51982
8693
57559
39864
80097
53272
21319
21315
21316
56974
22958
56970
70524
53155
79260
62493
33248
62148
3047
87045
20374
36164
33926
22135
81111
5787
60396
60399
19992
19998
49010
48636
64252
80421
12166
46590
10451
53647
507
71263
21763
47203
29599
37623
43619
76449
1666
83014
13900
33461
79598
1936
331
11220
51348
51436
25902
23434
42465
12753
56374
63703
63704
63706
12284
56947
42283
14952
21371
31244
14953
19234
33487
18485
58623
52707
52702
52709
56002
48179
27439
83228
21523
63359
41738
21524
15418
8372
8379
751
77145
86309
81021
43251
4005
3971
51084
3628
57700
11415
11418
51887
2952
80525
87231
70268
22939
10125
79859
1640
18297
2803
2806
14732
28545
72290
46585
31329
43320
51414
18483
4756
73910
25675
9882
42449
64869
16466
61986
81329
31146
69761
81320
46928
60582
41934
11607
11606
57045
11600
11608
68963
44824
8173
86753
67912
36314
22465
19407
56235
52267
56230
60356
65875
27179
56055
69379
42053
67710
7861
47883
39921
42630
4191
53608
40981
63448
37004
37553
62869
86568
5181
40365
550
54377
68597
30259
30256
30520
35152
35155
5535
5102
83055
67212
51478
48957
29615
7697
77895
77893
377
32318
8110
46493
46495
46497
65461
64591
77622
42934
79822
70011
7989
34165
11975
52749
27965
52743
36545
60650
34949
71636
71634
34768
54747
33998
40790
67560
67978
59584
14509
43214
66888
89158
89151
61351
61353
51591
61358
73287
61537
80771
52247
82881
49873
19828
57307
36953
46682
1817
41212
41210
85707
44689
80959
14083
54358
47935
51086
51080
46970
5515
79280
79284
47307
47657
47659
6511
6514
1903
59491
55485
55482
34627
72475
39155
39158
19345
12739
64827
52901
25639
25633
72279
24948
2219
77642
41970
17512
25097
25094
52762
63093
9287
76690
76341
76694
10200
34876
14690
2983
67958
47797
73116
84406
43230
89139
70689
30961
16587
49745
82578
17833
63821
16369
61806
61803
75143
63403
14069
58144
3243
71406
28527
10613
72980
72983
31289
83099
83098
29438
622
6539
8793
71391
77807
72455
72454
72452
24174
58878
73588
50038
50525
88676
26450
24633
26184
77666
26183
21749
13408
85262
85260
25218
42752
44581
44582
33151
80911
20435
80916
49555
49557
1644
40374
14549
14542
15494
72669
79367
89111
66590
66849
61115
23822
23352
23829
8080
67238
42561
55691
6648
63644
63645
7803
63640
63649
81705
86291
26249
45514
46501
2170
4969
2175
2178
81020
49470
80990
68062
36911
32887
71138
28540
83562
68684
68683
48709
71029
79791
79793
26885
72300
67855
50544
88653
88654
61456
26479
69817
24958
14677
32449
38953
31858
60501
11688
24908
81903
20621
79715
16790
20488
87082
83978
83979
54813
33175
30489
30483
30486
63361
18688
49861
68470
24333
24337
2942
65345
11045
37878
24932
48067
61660
81916
71431
28825
16544
61842
21050
52083
81228
4945
4946
53132
81044
54482
54487
1910
1914
59573
10498
9885
55774
85833
41674
29475
57818
9581
39460
37111
37119
34136
34132
50569
23161
23163
23165
38935
35511
50861
81692
51217
27099
56779
65352
45498
45494
74351
85594
70188
33112
71323
70985
52014
42860
24072
37273
45724
2960
40710
79146
13007
14588
14581
72808
40107
51515
28800
28809
47150
87929
73176
50606
50605
45212
69465
50609
74906
77231
10482
52493
46354
42385
49123
41875
58127
58124
36408
35674
13643
9690
83835
84430
84433
48747
70848
83781
18252
6595
8238
59478
31673
79336
19025
40528
19026
77795
1532
1531
32902
63100
73699
4104
38311
33065
11538
51230
11530
82496
34644
85208
85209
46161
85200
75972
46290
26347
42260
21063
10062
1990
40198
75027
22848
70472
47633
31795
31794
31797
28797
33863
52175
28793
67662
83319
66532
1459
88593
8573
78805
15252
15255
35967
31425
7408
86028
24734
81264
60289
4676
11705
17011
52577
63485
34822
34823
44667
48761
70862
63226
18906
8216
86165
72109
35081
13810
55172
35223
35550
56487
51252
51258
60562
16333
88899
63618
16888
6011
6015
9264
24116
69163
64440
26018
48213
58082
68412
18592
82256
82257
26846
71724
71721
17816
728
61779
48070
29721
29720
8554
50399
50937
84910
26574
31915
86219
57619
68860
20741
60007
74236
45667
45840
45665
41349
41347
41341
83878
41699
41692
41697
20797
49789
54394
68602
29587
29589
24521
58524
14404
78111
76400
78112
76154
60352
5624
73479
22011
35066
23273
51272
22271
53873
25052
46124
51853
87960
81188
57408
42862
21608
81760
45473
42800
75064
75068
10712
2691
71295
80306
54184
67118
44434
44435
29773
1142
68833
87981
27603
44453
23727
47074
85667
55669
64527
42587
66573
2264
8183
52804
79631
82417
69408
13991
60931
22024
22022
77033
43459
32253
56671
5371
56679
13523
32070
71105
46663
21520
6228
12218
10500
24173
24172
62798
84492
68337
58674
54270
77847
34313
7606
1920
77856
55511
48841
47033
12024
223
81162
49082
64484
46506
46505
58043
52560
57425
14678
87280
21648
10091
48062
48060
87135
87136
29281
25884
77903
53622
23066
28082
47222
66550
65050
85465
85466
24757
24756
28665
31957
77016
11469
5818
5812
14241
64011
60042
16696
53088
53082
53551
53229
7614
14992
37351
48217
48210
67545
67096
5251
31880
83140
34338
4189
4188
4184
5663
61130
23239
47075
42994
8184
82414
73618
352
67215
19255
19924
83050
56791
77463
81145
21646
49539
81724
57224
43174
43176
68128
68120
52548
68125
10756
33719
5396
58794
23613
22739
44210
58516
68785
41532
27584
83398
39602
29736
39605
78343
59510
31715
31719
37656
46607
37658
30007
40662
2894
26677
2893
85225
23004
1101
26511
73007
78579
77789
78345
89208
89205
89207
65032
61000
45551
64783
27209
81802
46658
43451
12780
12784
28464
7977
21183
56766
52155
70319
63518
21329
75127
41322
80865
71952
51290
83209
78575
27441
83980
83989
30005
55360
47723
30009
59239
12411
12410
12415
50839
78917
78910
3927
78912
82296
73494
73495
56405
69568
52840
69028
87597
75336
24048
52520
52527
36721
36723
30749
20131
42647
42648
80473
48027
57973
37090
59538
1696
12884
11599
68852
31194
35074
28
51370
23685
77787
51191
61285
80667
80669
88134
52313
10659
10307
6738
78621
72163
49705
56966
5210
78550
3058
87057
45955
45957
41703
87058
47702
28902
53297
31054
56422
61542
55884
4055
69908
26303
81452
52055
17446
38849
65786
34944
85179
80964
29266
54274
34256
28814
74625
74998
83025
30042
30040
30041
71638
14742
24269
47937
14746
33651
24261
31094
76843
32345
56368
28145
7937
36664
9101
17140
33223
18625
21367
75161
70532
4585
14177
30757
10583
71001
18678
51237
17915
34938
27401
34932
27404
44048
11537
47898
12987
445
82127
39319
39315
72586
34755
5796
81783
81785
19235
56000
4465
41268
41266
36182
16849
9666
21778
33005
52515
26929
26920
78180
67718
71493
2839
5407
14728
76055
76720
56393
77230
79276
31157
74817
32323
28472
84847
64894
31153
57150
16474
89150
11361
75492
75495
81318
42296
87077
75638
75639
57036
52714
68393
13142
37660
18618
38061
67011
83257
71028
468
59291
26771
34777
53498
77176
26344
4015
51092
55772
55775
52274
35428
38885
49029
48373
48375
57191
42621
42620
10130
31237
70703
57999
29227
26906
3217
1638
49970
3219
84597
84264
44306
40377
54366
35163
59233
72286
72287
79256
72289
72233
24552
23194
6546
6545
3921
14926
73541
33315
340
61192
42457
43377
65470
61991
8209
81622
75617
73493
36534
53374
85503
63591
54779
84673
33217
54775
48145
48146
48143
15669
15667
19276
15444
79625
34799
61343
8380
23296
43260
11378
55023
73273
32794
11151
36234
85198
72174
61831
53349
14890
86517
86516
86518
3237
74615
78494
78491
78498
14271
30244
71173
78481
83047
23602
59315
87742
59318
7682
7689
32497
10212
72407
31426
39238
32674
52932
52931
65324
65320
24957
31808
46202
46207
57079
11635
52753
52750
33452
30187
12928
33980
76519
40787
40789
46944
47836
79601
72659
72879
21011
88832
55006
8258
65668
27127
64130
86941
69624
42554
42550
82547
27877
16820
16357
19833
61811
3040
54934
56069
9600
37569
48339
48335
86533
6517
68746
59804
28534
47781
62238
30513
36618
29713
40846
29914
1238
66426
23486
62642
50049
35691
22287
22286
69516
32803
26440
43543
43545
77656
4503
41941
2086
2084
85275
74305
85019
46221
80025
45755
53793
51335
54511
76686
70978
70976
21505
68482
83361
50219
7784
7782
14682
66307
14681
24363
68267
72677
43229
61655
65330
68856
55687
38526
36688
10827
53306
1825
1820
1823
42108
49994
1925
70769
70768
14944
71416
58378
58372
58377
58374
34859
34855
36630
48716
41620
65781
74577
29425
47661
77817
41971
29643
31623
50530
9812
44819
32899
69829
61814
26464
24641
28118
71731
9955
31093
28789
25206
81938
52763
80518
42963
48479
48472
65014
71316
54531
70956
1570
27512
78599
37246
752
50233
49077
68202
68204
47987
47982
14556
72831
80544
23585
5736
23583
19129
47122
61589
86538
22181
22187
69496
20546
63637
75321
26250
26253
1849
13993
54496
13202
18200
30555
85807
13812
618
619
613
616
617
30803
73806
39452
50001
65168
87986
69804
38766
35551
7917
51750
32388
60530
85237
46159
18173
183
42727
53463
53462
37261
21546
68448
68441
26797
779
5361
47857
11058
29913
61218
61610
61615
66702
76864
39245
16555
74422
16553
65392
18263
16889
59746
77737
11325
69616
42399
1864
41840
6502
2105
68050
20799
20798
36411
36417
76521
78375
33332
33334
33336
62706
35767
32022
35065
85820
85822
70854
48750
71101
88017
76458
31668
34103
72373
37287
40530
84880
84226
73688
86035
55437
28150
73426
82483
25025
45489
45485
36083
36085
2648
36884
67053
63397
63391
68420
69164
69161
710
54289
87815
76591
66727
25156
6612
1467
60948
60949
12198
84680
77716
82911
46345
49646
31827
13575
57153
54458
139
52674
52260
9685
34836
7258
41649
31646
88917
40514
67800
32407
32886
23156
77526
79472
73400
11521
30648
64657
40081
27352
32031
32030
53168
42277
42854
14609
76600
76609
70460
28788
29832
23523
47983
66526
88301
59059
77953
77952
7471
55671
16513
16040
69438
84927
53791
65246
21002
23440
2320
81257
31928
3767
17399
17393
43668
1297
2315
64049
53380
53387
36322
45671
7279
8005
18261
59932
30645
30640
52322
1744
38770
58510
58511
84360
58366
1565
1567
35091
38342
38341
19394
87969
25066
82994
10709
10705
49560
69178
20154
84692
54174
87108
29815
22959
52810
26566
15556
396
74484
59647
4627
51100
62500
57080
77806
10570
67599
29762
59955
7663
83135
33247
8714
79705
77561
77562
66973
25044
60009
12039
64613
64611
57419
3687
64924
75072
18895
30044
61762
72894
49083
79515
79519
72023
15868
63789
80385
33031
49785
21433
17443
67316
54170
6436
33501
73936
42782
56780
21650
2539
68139
33720
67106
85129
65927
77937
8052
61017
65041
55668
52485
77712
23900
13835
42373
2703
29645
14945
12746
88569
9713
9717
71966
68654
71137
62108
67122
59197
28280
72689
31792
35070
56410
73483
77479
21673
11479
58016
31430
80287
80289
80464
41051
48019
48017
79187
33564
1449
56593
4786
34458
21446
44549
40061
71949
449
5107
16390
9818
62602
66004
71335
80938
49902
34723
30699
56439
88863
77454
67071
1662
23355
28582
53666
29277
59521
7104
49926
83863
47929
24784
32955
29732
23944
2296
8696
14658
10319
52203
60092
64539
69058
63542
70529
11199
20375
25968
6452
86294
17668
61554
60394
60398
56010
36711
68834
29219
8906
24550
67252
67251
77229
79599
72907
25909
82304
74578
70779
21152
14954
32753
28015
60610
58870
48177
48178
83223
85972
78500
47779
63357
60164
81460
32506
81795
52066
38896
87233
42618
42616
54936
49696
40347
67231
67232
18292
68575
35171
12420
73914
28279
3750
3752
66589
20403
87002
48157
50013
7081
88804
47750
22468
22463
22461
86364
52268
56588
35435
65659
25447
64813
86566
80973
558
54376
58329
35151
83058
48952
48951
73896
25942
32646
55244
42938
62475
36548
70907
70905
59132
67918
4461
29574
54742
30754
30752
34410
40793
39345
26251
72621
65675
65670
8100
53993
29296
36952
36950
63463
26958
49438
62225
79288
79285
536
29906
66416
6519
76206
21138
46212
58356
11643
63716
891
10201
15920
68256
8901
76838
24332
15339
82576
82574
2400
28381
27722
72451
55464
56446
3118
19320
77665
77668
55182
73485
50551
63882
52846
1030
19130
23356
27117
53157
32149
6399
26241
32907
14225
20037
59698
26887
31639
55231
22764
22769
82907
11687
58013
87089
7342
64874
14564
61665
52888
21055
52081
43904
21233
1871
4949
81048
53137
72089
81046
17053
33345
889
40811
8254
76465
87999
51210
38184
25032
24928
82252
69123
45490
69898
80076
33114
71321
64551
70981
9945
68188
68180
21547
68231
62383
78638
66800
27724
42599
31877
77183
73177
28795
47851
58129
83833
31959
41121
41651
77792
49076
14717
51807
77794
9317
31092
51720
63012
64546
701
11698
52517
14618
31242
31793
31796
83317
51399
84938
84931
60979
19553
22064
77708
122
60751
63488
41288
39810
80356
30654
30874
31659
28162
88900
33724
11552
53359
63619
12397
64445
38530
2678
29796
29798
1166
31227
76891
88571
22665
10899
74499
74356
17389
60006
21292
80117
41340
9893
54470
77938
18926
83290
59927
73268
66184
1579
72126
1571
10711
55113
72385
39690
57401
21609
81761
75067
78530
2695
71299
62892
62890
27814
17835
67114
44430
39584
87680
74927
77749
5874
16903
54400
76589
76588
59946
40094
68338
70711
86484
55139
35263
80570
81702
59065
52569
58229
84532
46174
31778
8044
79501
80636
7983
23311
554
35673
552
77010
69029
52547
10522
10529
30746
55344
15313
15310
6740
204
59231
58792
23610
44778
78342
72067
62228
59512
33575
50449
51315
56637
65783
36882
21185
63517
63511
83003
71045
28473
54006
27444
30006
31031
78919
72544
78087
57207
68427
36668
48028
29710
57975
29717
34278
28043
49777
32947
32946
32949
76907
85199
39857
63284
63579
56962
56969
30907
6700
8322
9911
55882
26302
3616
51508
38847
36701
24815
46707
20152
62810
27819
83263
30227
74999
72977
38275
35342
11213
51428
32967
51356
62266
39833
32348
56365
21140
52195
52197
81660
38473
62601
40017
29529
29030
72583
19457
80462
942
37050
21773
68725
5400
13977
77896
79277
79275
81394
77092
74540
22590
21162
46935
2790
2796
18470
68391
60626
27424
83253
68973
15647
45340
78514
69574
63498
34771
55771
14236
73255
52018
46460
1448
48378
48377
57192
63452
39682
40192
84593
84592
68569
62278
31133
72235
36415
23990
70477
17291
84867
6585
72546
52489
57302
5297
33214
31642
88366
67968
402
32795
61521
44688
74130
53614
32872
80969
14272
58330
30240
67206
67209
59317
3581
72403
12721
17136
41964
17292
7997
58836
60663
34409
4755
30188
70911
39378
73830
77357
14514
14515
79354
51057
25140
80766
16358
49846
77355
26872
53365
37564
37568
45256
85712
421
30514
62239
40847
59377
55492
4501
52663
74303
80028
53794
36467
33307
78248
63088
59141
76682
68266
43228
11339
11486
11485
76825
10822
53987
32915
1821
41884
77645
36632
48710
29428
87704
86564
28113
8217
70955
63354
68467
68461
1025
1029
58830
3108
72836
4097
54913
88872
35351
6651
54750
56293
53145
54497
1905
71121
39683
6899
50554
87989
35222
56764
85235
24939
81915
15921
53466
10274
21542
62391
3120
66879
1236
75101
51698
15227
82038
76865
39241
2832
50614
50616
50618
49662
41842
47985
57170
5111
57399
40825
67281
71102
71107
71109
70338
7604
34105
81683
58395
25793
82265
10295
69510
26449
51504
59070
23897
7416
6615
61099
77711
2346
2343
30905
57151
54456
62723
45838
83539
29446
33314
33312
34340
66499
69156
66886
33124
44267
2666
13380
48181
70467
81003
23525
80027
6631
84928
56550
65245
49450
43408
60036
36459
85404
7276
10554
54526
18916
54384
1740
78167
56123
75943
57294
12014
69179
1009
2331
78477
79706
44805
66971
55101
72908
9508
30294
28655
69693
87637
82139
48205
67317
64234
51427
14665
33721
44429
44208
59788
71570
47699
26919
42379
2706
42195
42196
693
33310
49845
5652
81732
57231
58018
78357
78686
43460
71910
69071
52300
49262
22973
19461
42387
3669
67073
24782
5597
52324
59621
56972
80890
17920
67225
87046
51431
19990
955
24867
21216
64253
80427
73767
81656
42284
18486
71672
79672
38894
18875
78198
30271
79247
27744
74551
12775
58866
81005
8398
1657
42584
2446
3206
29961
5531
77891
5106
58846
7327
60333
14882
68755
48936
8451
55263
55265
79511
26607
54507
76691
63401
42293
23659
6535
29653
13403
27923
27925
20604
45188
81928
55690
19867
85668
40820
39449
31637
31144
55441
50547
55234
55239
24159
85020
63363
78951
3117
61664
23373
16329
16328
52080
81225
81045
54484
17052
71914
44626
41675
57817
23168
81698
11516
65177
66225
24074
5373
30918
15233
77188
69466
53733
56388
4926
87921
58123
41650
40837
18258
33462
51805
73692
51233
46162
40194
24051
20998
33869
33868
86944
66534
88594
15251
61086
24733
25483
36466
80132
20508
55171
11556
30797
38408
18924
68603
58528
65891
84862
81767
81766
58068
52157
51851
2968
55637
3754
51135
52116
52110
10504
80829
35268
55797
1921
2971
88058
49080
57424
44238
11467
61245
52170
53881
10345
37425
14333
10851
82482
16200
11468
85646
68121
38808
68874
59516
40668
2895
4797
87818
42361
62109
10299
73942
12068
88091
46828
9550
20134
77623
48021
54250
47062
33597
46455
64767
65908
10900
10903
13255
19217
55885
54271
7113
49939
84225
68529
72025
78582
34414
1085
68951
85967
73987
41267
46587
33007
25277
67711
50359
16613
38413
44067
29018
28941
82259
31135
31134
79259
51468
16672
52486
56906
58853
33216
83277
23293
52254
62875
14270
31116
75982
88772
36550
33230
16361
25008
86534
78747
79293
1235
4900
50047
20319
85273
80531
63086
51033
35489
66008
58379
87705
51093
72446
19460
33308
86073
80517
83341
50235
54937
82073
38928
11695
69110
7358
48389
19542
15226
39249
39248
77734
69618
79939
74627
34104
11505
53385
53149
54287
71715
12565
14923
14432
58580
11522
75031
20181
71732
81004
66515
1295
53386
66999
74483
72165
60015
60013
35218
71598
32600
57414
28654
37189
32969
58036
73035
42197
71417
84600
73480
46888
81156
78356
39645
77045
61447
11062
74245
24256
77208
42405
71929
80423
1663
14477
56372
77149
75360
75810
69407
50543
3688
70712
77233
88142
64845
10082
72626
68859
70732
1552
20057
15319
37236
76327
44317
80995
70778
70772
26883
32446
29081
79944
54483
53139
77901
34130
31870
40103
56567
75589
65727
59471
15515
54547
69149
79695
88599
69442
70868
33302
10867
51469
66516
31229
9386
12804
8555
81400
45669
6207
30630
51270
25059
70657
11
52115
35648
12211
70828
10502
66218
81164
28802
26280
43301
5254
82484
25188
68786
37657
2779
80862
66070
12419
74069
61286
72167
64780
77422
13268
28002
14275
7979
54005
75498
8103
65620
60109
23198
7998
77371
4983
83043
60651
36724
5510
75569
1
8019
61657
83810
39959
70766
71143
20023
8260
8263
53372
13411
48476
65776
75756
58353
71430
78179
29911
39240
16330
80889
73789
39415
43097
65389
33126
38524
48186
736
78911
8559
58513
43462
13515
29728
17375
80647
38874
50016
87259
65793
19208
77457
1404
26259
29805
56376
8376
68714
44310
5536
20402
80563
19825
11644
14691
80989
87238
77661
3364
71131
51238
32024
86942
72033
42861
56640
85395
57205
71684
66902
35022
19216
15676
38650
4463
39831
35426
341
33211
3236
32494
74581
77581
9601
18174
70872
53391
27120
42105
84280
63358
41209
4138
85231
78202
3121
31663
46287
46289
34164
30644
29652
56781
73622
19487
19486
52550
44772
71698
63708
8115
44075
37559
49451
42971
29082
48720
50622
8835
59960
82407
57890
87137
15315
27121
41701
19459
59311
26469
68071
36653
55232
15224
49649
56496
19437
35090
48559
44035
23801
24639
19436
51692
65967
21451
46827
67719
74626
38776
11549
13106
32073
45337
74928
83278
33339
31193
