34820
34822
10247
43016
62466
34477
63504
53268
57365
45079
22552
27652
24603
6055
22559
65568
57377
32803
63526
40
4137
36907
12334
41007
20532
2101
38971
4158
49216
16451
53316
53320
53321
22605
2127
8275
57433
55387
16476
47200
97
26724
18533
49254
28779
8301
6254
32881
41074
34931
2168
18452
67706
45181
30846
14357
43136
63618
41092
24711
8329
53387
61580
59533
55442
55443
24725
4248
47263
57506
12457
65707
67757
20655
30896
41137
5491
49332
26805
55479
28857
30908
10431
53444
22726
37063
37066
65338
35021
2254
22735
35025
67619
6622
63707
8414
10278
59626
16619
67820
67282
60797
240
12530
35060
6185
4344
47357
45319
49418
33036
10509
53520
28950
10969
33431
24863
5471
26913
57635
12580
14726
28966
6439
24872
4394
16685
61742
16687
57648
16689
43318
59703
24888
63805
6463
37185
2371
28997
57295
50913
45385
50231
57678
43345
35154
67925
11059
26970
51548
67933
53601
49509
10598
10641
45417
63850
22895
2416
16753
2110
55319
24959
20864
43393
388
49541
61830
9281
49548
59789
6543
49553
14742
14745
41028
67996
10654
10655
6561
10659
12715
57772
45485
10532
22961
29106
40691
4533
47542
55735
31160
25019
37313
63938
54843
2508
39378
45523
6614
31195
57820
61918
8672
45539
35300
15441
66300
23018
47869
31219
61942
6648
55802
61950
12799
20994
43435
41477
25095
35336
39434
18956
33293
37390
6671
37393
8722
10772
43541
16926
64031
64034
10787
61988
27174
31271
37417
6578
41518
25137
10803
12855
10809
14906
55867
22282
62015
45632
23106
12867
51783
16975
440
6738
21075
19030
57947
62044
59998
14945
64100
64107
68204
25197
56765
6769
56083
41588
45692
66173
51840
47747
62085
62086
66183
31852
17035
65168
49805
31376
8851
34926
58006
12951
10908
25249
37538
53925
53926
17066
58028
58030
2737
49842
58035
6836
45749
53942
702
47814
29383
58063
64208
41687
68312
4825
68315
68316
47226
45920
68323
58086
49908
47861
51327
54012
29437
768
15108
66689
777
33548
4878
31503
51985
49939
37660
49951
47907
13093
49958
31529
27434
39723
45869
43822
68400
39731
21301
45878
60216
54076
26997
6975
11074
13451
5942
9030
19275
11084
13133
54094
2895
35665
43867
15197
21342
41823
4960
25442
45924
56167
54129
49299
643
2934
4983
15224
56185
35707
59882
45205
58240
45953
48002
21380
60295
66440
7049
47085
68498
42819
37780
15253
48022
58267
25502
23457
54178
931
5029
41896
66474
43948
31668
31670
11192
23485
56256
27587
7108
1185
37835
9167
50130
41940
52184
31705
17370
33755
64477
43999
7136
48098
42491
44007
44540
3051
60403
9207
39935
13314
7172
50182
52237
19470
39085
3088
31761
56343
58395
68636
60445
62494
13353
39984
66739
62302
25655
19512
59366
23610
46139
31807
54112
5187
9285
48198
21575
3150
40015
50360
29778
48212
66664
62554
17499
27742
68711
15464
64620
40047
29808
68727
15487
68737
60546
23687
11403
17555
50324
50330
5277
3233
3234
60580
21669
36010
42162
36019
5303
56504
64697
38074
60618
54465
25795
27849
56522
1227
62668
51405
5338
5339
58588
5342
42533
13179
63697
3306
51751
27888
58613
42230
12841
64383
25856
19714
38150
36103
46344
46346
3342
36112
46357
19734
48411
54556
66778
48414
64352
25820
64813
58965
60720
5426
48437
42294
17289
32056
38203
30012
46402
36163
54596
52419
39803
58702
11599
13648
32081
6251
66903
66906
56667
23901
34142
3423
13664
54626
19811
60775
62824
46443
5486
28019
66932
64063
5501
49045
56704
57920
3465
54666
11660
46478
7573
50586
42399
13728
1441
29595
7590
32171
28083
67001
48570
60861
60869
64971
50637
30160
63736
52690
11734
64988
6392
52702
7648
44515
15223
36775
48624
58280
40435
17911
52820
18259
24059
40444
60926
28159
19712
1539
60933
68656
16009
11180
15618
32271
5649
67091
24086
48666
5660
58914
27910
46630
32718
32302
28209
58935
7737
50747
1598
39402
32324
11850
1613
38480
23480
48724
34288
9815
65114
61020
34399
7780
46695
58987
28268
40559
24178
56948
34421
36472
46718
48405
29291
27926
49151
26220
18063
63120
52883
36500
30359
32408
3737
50842
3125
65183
28320
46759
36522
22189
27676
58653
63156
16053
47049
55924
52922
36540
18109
11969
46786
28356
3788
46798
32465
26322
48851
65237
38614
35108
61147
32481
5858
24870
60678
24295
63216
1778
20211
40698
40700
63786
48895
22275
30468
48901
46854
48903
28426
40579
7470
26394
50972
59169
30498
7974
47409
10024
34605
59190
46903
32570
12096
34627
22838
10054
24394
68735
17793
18258
44883
59220
12117
55126
67415
26461
14176
16016
40803
66349
46950
5436
65387
34672
51859
55161
59260
67453
21141
59264
38785
44934
65857
38892
61323
1932
26511
39004
3989
14231
6041
11930
44392
38821
53159
50205
38826
24492
49069
4014
42653
44977
49074
57273
30367
40894
44992
10256
6090
12235
53196
21154
65486
59343
60134
12242
22483
51160
28633
55259
61407
34787
26596
43686
2022
22865
65516
65517
24558
34803
57332
20471
10233
24571
8188
6142
39253
35236
28998
22264
25065
33925
55610
55835
32017
19974
51848
22482
26398
65505
65506
24885
49563
26021
5983
45446
64908
64909
46866
68179
38500
38507
38505
38504
3511
68175
68280
58211
30411
13052
57492
20253
44427
40852
29761
1171
23055
23054
47217
44370
7188
65880
8012
7455
26629
65086
55625
26563
24702
61232
22014
4621
63907
20732
20883
175
49172
49173
49174
42330
12227
273
6210
19977
29373
10574
53506
49794
21428
58286
56834
3873
7668
7660
58689
1765
40221
29599
37295
50084
14342
28421
14477
14476
34305
7566
51036
19031
53736
44831
6779
16728
51825
51824
64619
49543
49090
49092
45466
3682
26042
68111
68112
14642
14864
18548
58231
41541
20279
10186
29292
23072
30291
29129
8031
8521
8527
35910
49304
66561
22652
68178
22386
24769
28651
24765
22031
32245
6201
56663
60251
30887
64553
52695
25569
2729
7237
41167
39807
10375
58210
10515
54691
54696
24167
8869
818
67577
67572
5263
68631
14456
37983
21089
3029
28406
30600
15587
34989
8733
31550
35059
4194
55129
23245
59205
8193
6435
39386
39383
32583
55787
51425
56473
39037
39030
56475
32054
32728
233
25714
25717
43783
64632
64493
49369
43169
2537
58037
17162
60440
53777
36772
33726
58969
33090
33093
62335
44753
33543
33545
48076
27822
48073
40924
13772
33894
37647
33892
12872
8509
2882
7491
26665
23013
66542
24748
58529
35642
14402
13659
40674
51498
55667
16026
17378
61275
65223
27218
64577
20845
4885
10683
12268
12267
52149
42995
63508
42999
22990
18977
20599
44567
40041
68302
68651
1724
40262
33973
45963
38011
20338
17961
66939
59197
4450
28284
28282
27024
19488
9925
50159
215
6088
22172
25773
65562
64960
11471
38831
17141
53930
14823
58902
41270
64212
40906
39534
37887
8077
26646
26645
40675
26641
68510
1118
47901
22343
31907
43371
4783
5823
5829
11265
11264
45024
56628
56623
51162
23962
61292
197
190
9154
10337
9483
35376
12245
20820
3934
41339
48248
54042
17940
45942
38038
11185
29068
23203
1301
6472
12400
50790
19469
32544
6717
22152
26311
25750
65586
21834
24805
56297
11458
17436
17431
64186
53915
21934
42486
40909
62803
62370
47543
48387
46572
48031
27864
63171
30584
15175
29181
31729
49929
18786
34001
40656
14774
24259
24786
24780
24783
5597
39264
31984
35606
66495
11204
43356
19073
31840
14653
51984
51989
56602
52986
56608
16427
60094
26122
57885
10576
17596
56970
2038
24144
62493
36077
36071
37292
37293
11196
33938
38055
42859
66642
1099
29515
23778
47714
6902
27064
7736
34740
8352
24443
61556
65619
45194
22133
43720
27938
58685
19224
32749
17100
56014
52044
60171
57496
57499
24866
48634
16857
16853
44736
42894
42897
59722
9675
57942
39659
53649
21762
54268
54915
30217
37626
67701
40635
47943
47948
66256
41432
30073
11224
51438
25902
65284
55970
16620
57022
9443
9117
21157
22932
38465
38466
8025
14103
58622
51902
52700
13153
47884
12993
40289
30545
1344
47775
8116
7714
61391
67935
22441
65634
3624
60374
11410
51661
17470
38891
60110
4476
48343
36192
59870
36998
9301
10437
37025
11040
26919
49962
49964
41035
41032
40346
40345
67230
29941
18297
68571
13960
5554
18120
18125
2010
34596
8586
31328
23633
61762
48976
48973
22327
23451
23453
9884
39115
10957
19904
21178
63721
24986
46920
46921
63584
52491
8979
41932
55811
11958
11953
62454
62455
68385
60633
9791
9790
36033
33200
14381
48409
20409
59111
20427
6495
15388
6948
50736
66603
8391
24408
47752
3191
28971
43272
19159
32838
32833
32832
56583
56581
56586
56237
43182
1657
290
36209
46001
42581
16816
6379
53355
9638
63113
9321
37008
37003
41238
40187
49941
49948
58189
1627
3200
40369
554
28001
24231
3348
62245
68597
66167
51477
27764
25948
7696
16570
23477
3832
457
7522
50073
39174
51294
19365
51293
12718
10978
25614
60839
56247
46279
42935
56910
41912
9768
50288
54561
27967
17755
13198
48138
34948
20394
39773
7322
10087
10083
59136
63303
7060
37947
12481
12487
34417
39345
24397
26702
50713
47515
9983
43978
414
38163
23282
28737
66882
35455
60481
46064
16831
61826
52024
36481
14888
68024
27741
59834
45081
49460
44350
5477
58301
20071
62227
18167
18168
5511
5510
3035
11101
66144
66410
6517
35135
29635
39483
50052
35867
50056
55266
19615
19342
65199
65193
65197
10994
56685
21130
36927
22722
22723
41973
41977
25092
25091
64720
52762
58822
37380
62418
52769
27499
11913
18424
33426
7048
21539
63322
36267
37963
37967
8601
39366
68251
47822
50192
4354
28240
14525
11008
13705
43230
19111
51028
5702
61333
61336
23801
27135
25406
21895
2469
21093
19808
49181
4988
48327
49455
3249
59819
1481
54333
58365
40147
13496
29439
29928
47677
23659
15005
27723
59362
25982
31164
35114
35113
32461
44805
17948
31383
61475
32609
32606
22298
46186
57246
31835
31832
13408
17796
46237
42207
47283
45766
45983
53784
7367
33158
12310
33151
37233
21518
54786
54785
1035
11069
14546
8660
8661
38124
13798
32856
55079
19133
61648
47116
28847
23825
11490
65814
8082
22198
64959
6647
67231
10815
7806
21076
21073
6397
2394
63423
46852
1854
2177
4965
62597
1931
53844
13239
13234
7233
37392
14958
20039
20030
36626
15792
8271
31145
31631
67851
53748
44820
22502
26478
6481
32440
38955
38956
65379
22769
18550
31851
5914
38484
17554
56759
13426
13425
4550
11683
64426
20623
37367
16796
7346
10790
54818
63366
63363
53450
37259
68473
24333
5421
18024
18020
37871
34476
5745
61593
15212
15219
42500
12654
52889
16320
64168
46377
4944
41858
14023
14029
52622
68041
13214
14324
14979
33342
38734
34869
40101
47451
6860
40817
1268
15510
34397
39469
31612
9230
39460
52628
34138
67872
50568
23169
22563
61129
4127
35736
28128
31872
27090
51962
51210
25032
46419
14975
51679
45142
16046
36899
9227
12359
3545
68457
3542
17329
2964
40719
26784
24315
24314
5379
58733
58736
31409
51512
51514
23717
5764
67465
23319
15238
35725
50970
7422
16521
16522
6608
10857
58493
60956
63970
63585
65727
43430
21963
56388
13584
32235
52498
11720
62550
53801
9691
14919
58386
32582
31296
59651
40384
57830
6591
59471
49076
30836
11957
20661
44862
39031
22237
4104
26437
52728
24697
38315
55158
3892
37031
51235
51233
11535
64640
9793
46160
46161
27343
25273
64394
46297
42260
39791
2658
10064
9208
45904
51569
45121
45123
45128
53498
10287
10282
49356
48192
40737
58247
31240
17878
23550
66829
64163
66827
66288
66821
66820
29214
22568
66755
39239
40370
52841
2339
4719
41817
4903
4674
49176
57145
60751
60758
53825
34827
36682
10541
42538
63223
37482
33650
18279
37332
15083
59908
37152
47410
34173
14427
58507
24504
14429
58787
11557
43080
51252
51707
26766
16330
56150
8871
51876
16269
52477
52470
57466
10732
10045
24117
58888
58887
64917
45107
9082
47249
22869
3500
68144
2679
33246
30461
38656
33847
33512
62074
17817
3175
30796
66513
41522
25844
7463
65091
52860
22664
26574
50644
2317
41847
3773
41832
41830
57612
17030
20743
46311
45666
45663
45844
16925
16921
7268
12230
54424
9746
57878
31760
59928
59925
68604
67362
40564
66186
8502
55119
35204
5999
19388
51277
22271
43864
11755
249
51851
16711
26381
50326
24894
24897
26033
46879
53722
54987
54988
17838
62099
1141
1147
23514
59553
31209
50400
66575
4284
60935
26554
22026
22021
65213
383
32254
56677
17634
3750
3754
13527
60246
57673
11749
51138
52116
60061
64033
4763
42325
49143
46660
45863
16907
7201
6227
12215
29342
21411
11618
8854
37199
39478
54557
40231
28439
14461
30610
19747
50878
19921
35042
38374
33072
52364
23701
15334
12459
12458
25702
39020
64624
21625
64950
46850
46501
36768
9513
36767
14851
54218
18885
18882
38615
48413
67173
29750
67174
1127
29134
34503
67790
31488
47228
22621
61796
26530
23313
50684
2869
51482
32905
56305
60268
23934
64011
53088
9169
53086
37953
18634
63242
8878
21477
41302
3097
26847
44572
67092
12639
36637
15826
18342
18348
33949
8727
66940
66941
13872
35067
23236
59216
48868
27034
3904
3905
35247
35244
50149
16206
8888
37343
65553
12829
5063
68128
68125
9570
36290
924
5390
14831
5399
33715
41537
29732
9391
9390
34298
39548
34071
40666
40663
50332
23000
4793
64787
23919
61262
65788
65786
28461
21988
39837
4892
16411
9494
6266
42186
12258
20853
21326
63519
45605
55936
26860
41188
40272
6499
59986
31525
47580
31023
47725
23743
28292
59238
12411
6466
50786
3922
19491
3925
8307
39069
9939
32719
16775
12067
43801
11443
11442
38823
53927
62345
20130
44762
23733
46894
48028
29715
1691
26650
14762
15304
28042
23024
28594
47911
13937
4223
5581
42619
51374
23680
65017
61069
65013
56916
25684
23970
27260
2285
19684
32368
42342
52313
56344
10653
26137
189
46973
48251
44029
44022
33617
37286
38025
28451
3050
67052
29509
47703
66019
66017
12433
48823
12439
31502
32558
21736
34735
50109
35280
32773
43751
26304
36255
969
46703
20152
59730
59885
21858
27894
27893
39647
39648
1616
8911
33029
59089
59081
37616
1673
67268
67269
40625
46666
58424
24260
47939
34033
303
31319
305
11212
51355
27799
27793
65292
65922
27246
36383
10677
9451
57542
53064
52191
20810
2009
18498
10580
53245
18671
18675
62604
40017
40014
47546
12981
67383
1337
59276
26756
30
61381
2891
26326
13769
4074
32575
3965
19983
55574
51659
56008
4462
36278
49001
42067
45230
36180
44721
59861
10445
10115
37058
35703
7133
6562
7135
46616
40359
14355
28553
30205
30206
34236
38253
5544
47374
25919
23420
23422
9895
42473
16610
55963
10943
1590
9470
61977
46932
38419
41928
2061
361
2794
20692
37939
16654
37932
33277
33273
67012
33137
47569
47566
29017
29546
65185
464
8109
15391
26771
8360
8366
67905
3188
22107
43717
19436
35427
60368
35424
57739
57738
65624
65627
65621
51890
52013
60102
60106
46740
42595
2470
57197
16860
59840
39688
29220
9643
10425
49681
41247
49978
49970
3437
44305
29959
29953
54369
66171
51464
51466
57054
61777
30881
23997
23448
32109
32655
16672
32309
61196
6156
33319
25669
16496
49764
2044
10631
58856
32939
41767
15662
15666
14394
54086
32715
30744
26712
66612
34790
40419
4389
24418
4387
66289
26363
19142
51615
43994
65571
2454
7859
39916
63699
16805
52030
6366
36494
10408
53349
18844
41221
62871
62873
62877
18433
58449
62255
34891
29976
57209
66154
66158
23608
27775
47339
59316
3826
34633
360
64859
24608
65325
16958
43037
21790
41967
4528
4526
13453
4521
62404
33182
58830
58834
52753
63863
48438
34958
48120
48125
7335
9297
33454
18432
15604
53406
33231
18384
37972
30767
30766
34402
50270
31583
40438
28723
50989
42323
33792
32800
19169
60324
19299
65662
27122
65842
25149
46077
42001
19839
61811
17198
9605
9356
10170
4997
45525
45521
41205
13243
5461
54321
28534
54326
40330
47317
66135
8281
59372
6504
55491
23486
8465
55277
52919
18339
24626
65303
46193
38965
43543
31820
1
5925
28440
4503
36578
1693
20901
32661
44594
58811
54519
59146
9010
53426
68480
15488
15482
15957
50213
58769
52901
28253
43226
65847
35481
35480
21587
28879
46808
43481
32288
32289
12689
42687
23205
61879
64152
56084
53302
1829
1827
2410
4979
36902
14235
54652
14239
38705
58376
58276
47483
18191
505
23138
59357
35107
55471
14935
55210
52979
26467
35639
35630
32635
16164
60519
60516
49295
2600
20924
7379
21691
11925
54536
33141
30494
37716
18694
18699
63355
753
1021
7704
67983
37867
18031
11078
3106
31452
50947
47293
35339
45526
19123
59084
61582
52055
39262
61857
43974
60184
49600
64507
21209
37522
45562
45569
49466
5138
36438
62762
34871
48735
17300
8248
30808
8242
8794
30800
55180
55181
50002
35835
7599
66466
23119
31860
51204
19660
17544
6638
57584
27312
42234
42725
45712
20946
30997
10017
62976
37268
41458
26793
29874
67617
65137
11050
38112
3127
34463
31479
31476
50966
23560
61612
51693
47642
47146
7439
12644
42535
10863
21044
63966
63613
43919
42391
21952
17682
45546
45543
14017
49480
20793
10486
893
54615
34810
16266
6873
57829
59391
47445
37108
34101
67862
28489
34264
61421
26427
38300
16031
51739
10737
51221
17235
27331
17217
10074
10079
9212
44287
53481
9078
21568
45736
45739
29859
58703
24304
38682
26446
32265
33810
23543
5776
59077
59078
67493
12561
35750
7417
32992
16535
65133
10849
22862
60940
19528
12193
61896
43425
42018
21978
49642
46343
56393
13577
4660
57626
136
15896
9681
20519
44614
7255
48773
6859
29335
18242
14297
59916
59911
19045
40517
67802
7820
38096
47390
28175
38327
55140
43099
6700
43090
51240
32697
30863
64658
17184
17185
25269
16278
42274
53715
36860
63009
54845
44262
68367
3572
13388
33786
38660
30478
68368
37806
11090
11099
17804
33873
33874
66522
51529
27480
12818
15268
50924
51388
32205
51382
19721
56559
50653
50657
4707
56800
19893
57605
52659
5156
116
36456
36322
58814
19699
49118
48576
7272
44674
66247
59600
48795
15729
53528
18264
34364
62757
47406
67824
35892
28371
6977
8484
66995
35096
55166
55160
4447
28991
51268
51266
19390
61170
36602
48891
43879
25064
6796
56120
25289
25280
279
12019
12015
52463
57479
9521
53735
57473
24886
58076
46865
2680
68288
61173
48896
33857
62083
67108
67101
29762
1174
7181
7182
44937
66505
50416
50415
10882
50673
50679
24706
45031
4723
11286
2336
41826
53676
43687
11759
63901
62508
62500
64020
60010
42481
49177
21937
45656
45879
57084
17543
41172
6814
59621
9757
63279
21427
37303
63272
37079
37164
1767
29596
40222
67377
50085
54051
59085
50884
32860
17921
17037
22249
22247
6773
46790
9969
55816
19917
49566
64612
9500
49098
49096
45464
45461
3686
2516
2512
42815
63359
64452
53974
14865
38628
62313
10180
67166
67169
40949
47934
47238
8035
12859
26609
66567
31422
61032
26545
50699
60927
28656
31961
32247
31838
23923
51121
20715
8134
46670
15439
56267
63788
10561
36585
63252
9775
8863
54699
14988
41378
30412
68329
31314
67311
33957
17983
30606
32562
66951
34189
34184
47004
27007
39381
8357
32581
21519
16212
42788
55872
42782
20607
64631
45403
2536
46534
17164
38818
60443
36778
36805
934
5380
33099
33091
13095
33544
794
29725
29726
6580
15135
39555
30015
34513
34519
7498
26661
28090
49182
28671
21907
35641
31944
35644
34376
5800
56867
51143
20848
36340
2705
2704
9172
42198
16976
17081
53540
53238
832
3470
48262
41317
26850
67080
7454
10229
40592
40594
54015
14304
18350
18351
18352
17969
3315
57544
66936
31024
5659
67887
21144
27029
47064
59224
12464
40135
3916
35250
26053
50151
9920
39053
55501
16765
19268
22176
47486
43812
24826
2555
2557
20928
43100
43105
46558
58019
46551
62351
48677
22944
36138
20925
40907
29256
37442
37082
25056
31702
37662
50302
50306
1110
1444
1116
23037
23030
22613
22342
26509
26503
23698
11266
65022
56629
25343
51161
53642
65792
61291
25527
42358
9156
2762
7901
12243
38127
24120
24122
24127
13794
44543
11852
17946
14498
12000
58592
58590
8404
47597
47594
1306
499
495
6476
12404
32546
6719
8339
56437
56430
32762
22408
43740
25755
43744
11452
5033
4436
64183
976
20125
62378
49382
27865
45008
10474
63173
58926
54241
59521
66253
68162
67273
34006
50363
40655
68537
47924
5591
50581
38946
51189
51183
55951
52322
7924
7295
53058
57004
53054
57001
39861
26127
32638
20800
21312
4842
5201
11996
62636
38057
45926
67045
66399
66641
66644
28743
12587
47712
15343
59263
27066
60191
50800
31065
35037
55095
19447
34744
34746
39095
50118
50112
55548
65617
45193
22427
56016
56010
17109
36718
25307
48637
16854
12167
46598
7187
42890
42892
12168
41011
41012
10108
26328
54919
33030
59095
7129
7127
7120
68734
4070
44998
2829
50081
40634
58410
58414
66250
14757
66254
34241
68556
30077
34021
35372
47364
51348
48993
51439
22306
36911
63706
16448
65422
21153
64080
42287
21482
49223
10667
4866
19237
52701
60614
10597
36505
33263
27436
9110
47880
47551
37244
49875
30548
47773
47770
8115
61392
13717
43700
19420
55707
21807
60375
16291
56035
25465
42074
49031
45226
20166
36193
47877
12143
46909
59705
9656
22938
49690
44394
10665
47967
58474
34222
35178
5559
34598
23182
51411
5888
27744
6448
55636
25929
23458
23982
55639
39119
3102
42444
10447
22589
64865
10953
64710
61985
31633
24181
42918
42913
22916
2784
9464
2079
10606
14125
60636
60632
36039
23581
18601
62676
34665
41759
29000
9804
50738
26767
8397
40409
28753
477
28201
28970
61453
22462
13735
13738
32834
56585
51605
51604
56059
52007
25448
25449
64928
42584
47552
7865
39920
12121
39696
53351
9323
21729
21723
58188
1628
29960
40360
14245
5451
1195
1196
30254
34206
55173
66165
19787
27767
23479
16663
19368
52920
64592
43517
4535
13447
7988
10621
11105
53037
11977
64332
52747
36011
63875
21418
48427
10088
10081
15678
63306
63309
57597
37941
37944
8621
39340
26707
47514
47519
40423
14500
14509
38161
66883
61357
19173
19172
19177
32814
60332
60337
60338
19283
23860
27154
65859
64103
36228
36223
46065
53192
52025
57302
63462
37571
26958
12081
14083
3228
68025
68027
1973
59836
30905
5479
20075
18165
59304
31104
35133
35132
23499
34620
35863
50055
50054
32660
16612
60814
60810
64826
64829
10990
10991
25635
22725
51045
41979
12581
25098
52761
42770
48441
20449
15617
41792
63324
63328
37962
30770
30772
67406
38142
61337
61338
27139
27133
65833
25404
49743
16587
16584
16581
42292
12697
21896
56274
21095
17182
56091
8984
63407
14068
49984
13256
54330
5497
20055
48583
1270
40140
47492
47491
11047
40322
29380
40329
515
23121
48915
59363
25983
35110
4536
44803
17702
50033
32600
19324
10430
60872
26454
53627
50584
22749
43000
43553
43004
17575
3492
8127
24967
25388
24969
31468
62920
54717
15631
15635
59171
10225
10220
35836
54788
62691
37720
37726
21624
15946
9837
7793
58776
68278
68279
1036
17894
4080
4087
66593
66848
60999
23829
44316
16560
52208
52204
56520
57125
49150
42698
6394
64142
64143
63429
3266
28549
54310
18219
62771
37191
41611
41610
59697
59694
47610
34669
8411
39196
22504
61102
52946
51207
51763
51761
17557
10512
11685
25239
24165
2619
20484
13432
62905
33179
12335
54815
30482
30481
9026
53456
10245
33284
21532
742
67626
67623
67620
2948
2945
5357
37876
38107
34475
31462
5746
20284
51574
25823
61591
39277
50957
12657
12655
19844
32162
19519
61844
64169
2375
2377
64167
53132
53137
52629
36398
53864
53681
880
54665
14976
888
20544
45390
38730
354
40100
47458
48729
67299
8253
15518
31613
34646
34131
34649
67873
67870
50569
44842
41465
26415
62424
36939
13884
60095
32420
56191
56194
53688
57368
11516
56995
25035
45495
45496
36894
20540
9220
62714
12357
63385
21542
29862
764
24067
24319
24311
31268
54123
54122
54126
67605
23571
67464
6436
42043
23316
23314
7429
42521
10852
63979
49658
42384
56382
13586
45556
57165
58120
17075
60776
62732
62731
34800
48299
44600
41127
1792
15753
15751
15757
48747
48744
29326
18253
11954
44860
40528
646
28325
9317
4106
31098
62453
3890
31890
11531
61416
51720
27340
64391
52458
57444
10068
9064
53499
53495
10280
17484
17486
18656
13395
58718
62670
31249
17876
11083
33866
66534
66823
61622
34566
8570
45405
12576
7408
39231
19735
19736
50627
50620
50623
61889
22062
25481
46339
46338
49105
64076
60024
60027
52662
60759
1182
62285
7241
36687
10548
29302
18908
15089
30876
15084
47415
34179
34177
34174
36800
44886
11141
1514
10740
1511
38089
5384
24856
14847
56482
56486
56487
33721
51706
61169
48886
43889
54274
65399
56151
57283
57281
25290
53709
53707
64447
9081
44755
2670
36148
3176
30798
726
724
720
23533
66518
1163
3195
3193
34546
12557
793
65893
65891
67149
35761
50935
19718
65099
52868
50642
50643
22006
31913
4654
41833
17384
57618
7887
17031
20748
20749
49161
46314
49165
45849
41343
41342
44647
12237
6809
41696
48780
53510
53517
53516
53514
10568
63208
3991
37312
30325
26808
40562
40560
50090
28360
28367
1283
1579
30361
13832
34151
8495
34159
13874
35208
5997
28988
36415
25729
25721
2883
57262
245
22495
22492
62708
22498
9533
50323
49573
26032
42804
44782
44787
44784
68161
3520
58069
46876
36787
10717
36783
30407
62093
67118
44434
10669
1149
27603
39582
31204
6402
7440
50406
26630
50403
7449
22643
24774
65215
61222
5873
2194
2198
11742
63912
20895
13292
42326
45643
9186
9184
57052
8867
15845
40895
40898
37372
62790
805
67569
59941
59946
18459
40092
65045
18453
19740
24544
28348
1552
11106
58546
8703
30614
8709
35044
19926
32731
55133
23700
25709
55797
56440
16730
57794
65687
51831
32067
16225
49086
43156
46507
49333
17175
17177
53746
62306
21747
30420
23171
36104
18778
1622
59797
20289
29754
10198
40937
1121
15100
34505
8511
26619
31486
26610
23064
42378
47229
22622
61023
50685
50682
28880
61247
4770
54375
19028
55655
51336
51332
56300
25397
57656
65946
65940
60043
60041
20877
20874
25570
42304
16695
14395
36594
10524
10529
63535
9703
24119
34203
8875
37359
45339
823
44574
44577
68319
56561
3011
10756
34990
4189
66945
13875
4186
5665
67327
23723
47074
15312
16
39044
55845
19927
56798
40529
43826
2525
5065
5064
17150
17409
17405
13318
13317
4400
25188
60453
27855
41534
9395
67157
61745
42388
59513
59512
26981
39601
50449
56384
50445
50331
47244
66201
66207
22353
43361
4794
35651
5833
61005
32928
61000
19003
56639
51176
23918
65963
25518
42365
52373
39835
16415
16414
16413
42187
21187
63516
33384
374
39176
41320
17965
44555
44004
28473
1597
1593
14312
38001
47582
40584
48800
51784
480
12418
6467
35001
50835
31038
3920
3928
8306
9935
22165
43776
24834
24832
2893
57758
46542
64195
38829
38824
36722
13333
9559
9557
58919
46896
45015
27876
64594
29717
54251
39523
1695
51791
37892
37893
30022
39299
44947
66262
14760
14768
23023
13939
24790
38210
31998
46272
35632
60885
25682
3923
23972
41919
61289
42341
42431
10906
10901
17304
52315
53045
7918
16435
7912
6287
181
20834
46975
48252
44534
10406
10407
13105
13107
14480
54567
40077
40079
67053
66904
9620
23764
28900
15355
30904
48829
35026
31059
35022
55737
6701
9910
56424
24478
55558
55881
55555
13745
13742
13740
26306
65961
32082
52506
52058
60411
13355
38847
965
53907
44705
59883
27891
39777
23145
63142
28497
58932
54278
37077
54271
15168
67026
50371
58423
24263
46727
5566
46663
50597
31312
302
11216
19047
51426
25335
23954
38316
65925
12749
64740
38837
52992
7930
16455
16986
52194
12298
12290
20813
20817
46919
22948
49726
17581
58633
11986
60604
18672
18678
62609
17912
34932
40012
40010
47896
66382
47541
12986
12985
67386
1338
442
15402
8698
8125
15408
8123
31079
66652
50295
31076
19183
22123
22121
43733
43736
43739
4071
3969
3637
11406
19982
55570
13370
942
21800
46764
24875
20177
20176
45237
12175
59715
29205
37050
37059
62837
7139
26929
56311
1653
67247
67243
2834
30200
68542
38787
18119
8593
35363
11232
11233
11237
4918
51406
22333
25318
25314
39125
42472
16611
55962
22594
64891
24993
21164
43076
21286
26176
46247
24198
57448
22922
4877
2799
58651
58650
14111
52719
20695
20773
54714
54710
54711
54712
62669
62661
51912
62664
67014
44068
12961
15468
6489
15393
59295
66638
8365
61364
52933
61509
35794
35798
13702
13700
43242
51090
51092
65626
51891
52012
36212
49022
22846
2472
41468
16869
6309
12151
6302
10136
53633
55631
18867
18865
54948
21752
48089
29950
18285
28579
42775
68566
68567
3373
4241
50830
33919
6541
15078
33317
16675
16679
12703
61192
64702
46487
22716
61999
6585
25590
38435
52481
57050
10633
60646
62646
62644
20417
20411
10093
67037
67031
41769
12949
7073
18636
12499
26719
47509
61343
34797
23297
28746
22471
51074
51075
51070
52259
56227
45189
23870
51612
60123
43993
42029
2459
39917
16808
6368
52038
10402
10403
49040
192
68028
58994
37013
21735
58198
58196
41595
2872
44325
40317
20064
45898
23607
23602
39165
46541
51911
65182
10988
65322
46464
51397
11580
43034
36729
62405
58832
60665
27973
48431
48122
54576
54573
59125
53407
10211
53408
8143
30982
50279
50183
40439
40430
9994
14512
21339
66898
66890
60325
23818
27129
65661
25410
42008
19836
56063
10175
36965
21247
63412
4999
26948
44697
37396
14075
3250
68745
58319
58316
20045
38767
62234
47647
23660
23666
15032
59374
39498
60282
34618
39144
39146
35698
31398
50518
50514
22280
22285
52913
64834
60866
26440
25628
65302
43013
43018
14495
41948
33952
20674
52771
20670
62936
60681
42940
46995
63883
45756
41410
44599
44598
33430
18413
59148
53420
10234
63331
37220
37737
45135
68267
68265
1003
51333
11013
51030
19107
26662
61659
61300
57096
43484
25163
55684
10829
57682
7815
39959
57132
19818
32135
49199
49190
4976
41084
13221
54656
62746
62747
62743
62741
5487
5482
62749
34855
30579
34850
44104
40130
44107
18198
59682
29935
23139
23137
23643
23130
15011
15013
48900
8265
27737
62906
25992
19835
31157
35103
31623
50029
66446
14934
55218
41049
28115
28118
65368
22770
65363
31990
43566
43562
43561
5901
19318
38493
38492
3480
40327
20616
27935
25200
16780
58823
5450
2602
20921
39728
30493
9037
53442
10257
21520
54790
24005
24004
49879
739
1025
5343
58748
5349
68207
32730
37869
28278
28279
34441
5
38133
38134
47295
23584
66585
60982
28850
65805
61588
26943
19782
12662
6381
64172
63182
60084
37884
14035
52634
36925
18201
62769
30559
6890
41601
40806
8791
30801
34121
55186
39184
39183
7593
23113
61448
50437
4132
4134
28138
56184
38926
38929
22790
31863
19669
19665
5964
19096
56768
56982
46405
27319
64437
64430
27911
6044
42727
20948
26581
20943
20947
20944
45715
10011
54802
21549
24060
49817
20494
20496
773
44442
24325
1048
4305
60569
4308
18015
54118
38111
15993
51565
51567
66704
51690
28837
23307
39242
46574
16558
6672
31921
56518
16883
32178
16339
21049
26234
17683
41846
45541
57173
2108
57174
11009
15036
15037
68054
68057
36418
57398
53874
53875
53693
53695
57392
54619
895
14903
34813
36679
44631
1789
1783
1785
67289
51879
674
30829
59399
15503
47441
50572
50576
23172
61425
32417
31881
23794
11505
23798
25027
45486
17210
52429
10073
9210
12368
45157
10295
63396
68423
44467
58257
58709
3142
62049
62046
14776
5779
5778
61637
61635
67496
23324
23328
12563
10840
50636
60948
60945
12190
12194
25496
25493
17667
2124
2128
4661
30903
53102
62541
58133
60762
30909
9686
62725
41395
7250
48778
29334
33315
6586
6584
6589
59918
50814
47429
44870
40519
67804
47392
22209
22205
28179
18265
43095
44955
65123
65120
30643
27352
25264
51860
16279
42276
56725
56728
7396
7393
57323
54846
21588
42856
17495
3579
68409
18581
33782
11096
18720
17806
30783
67125
42946
67653
67652
23526
66830
51520
15265
62682
50434
16044
51380
22692
45758
50659
24721
21008
65711
61212
22077
31922
4701
4700
21912
3769
68009
41804
56801
13558
13550
68003
41043
52121
36459
46634
20535
6831
6835
41115
10553
65895
63219
18269
30868
30648
59939
30313
39437
47401
1747
40578
14411
7296
1299
1292
66996
10640
13824
28195
28194
28197
34147
23069
34143
34141
13357
5981
25060
56127
57296
55838
12016
26028
46869
24088
37799
49303
68177
68176
2689
11002
62885
30416
36156
50645
33856
29769
1176
47212
47817
39598
7183
66761
45032
4726
11281
56821
4623
63905
63904
177
57297
16934
6218
41179
15874
51844
41176
10579
10573
63273
41831
40081
37165
37168
11119
38361
38369
35215
35216
22240
25044
49301
65697
55819
65692
9502
9503
45460
43144
2518
46515
46517
42814
46513
68114
68116
58466
38625
62316
41544
10185
67167
40948
23071
45669
29125
8036
46861
38870
35914
66564
26541
26542
52835
60929
50690
24766
65208
65200
31969
56665
52344
43550
17601
159
46671
45323
36587
10510
9771
14980
37360
41379
32563
31004
66959
38384
30972
30971
8199
9940
39039
16211
32722
57781
16218
230
56781
43785
57255
46536
9560
14848
13097
27827
23057
31762
12871
54589
31493
7493
12264
66546
22632
68303
27355
15200
65951
21433
60056
64579
36342
36341
2702
53091
9170
53541
10533
22996
3479
13138
56015
3000
38018
59990
30377
39202
53065
31307
46364
28286
27027
48878
50843
59303
28987
54787
9922
55850
43768
24824
2558
46557
52556
17142
60421
60425
60427
9544
64210
40905
37880
30037
8070
50300
6528
32935
11267
61076
61079
60218
61295
61294
25524
57949
21996
21999
52303
2765
7907
55803
12247
21190
21448
859
41338
44545
41196
13110
17942
33252
14490
14356
66666
66662
47598
31378
23755
23208
27046
12402
50791
7754
32548
32761
55520
11088
13750
25756
56295
38851
40908
46571
40631
8923
43552
34268
29184
28119
47946
34002
34005
50367
38949
38204
11203
66499
25326
25328
23946
51186
51185
42400
26757
16428
16424
63815
53270
46963
38445
56971
3430
53501
58600
38052
24148
38059
3046
334
15696
29519
29044
33923
19191
8359
8350
8356
66024
50110
65618
65615
61558
13774
55744
19997
52042
52516
13347
955
24867
4483
16858
45026
21764
37049
11851
54262
54265
23040
68736
67253
44990
44997
66259
7743
38266
31301
3268
65930
29117
13840
55976
42466
39127
65423
42281
22935
49225
38467
2013
52708
60615
18665
41485
20420
59283
66625
66624
22115
3975
16292
42077
48611
20163
20167
36999
49691
63134
65217
5439
13962
25676
23455
352
9888
42446
64866
16467
63726
61987
46250
46251
42915
42917
63854
52492
16233
45699
41935
2075
2074
18462
62457
36523
33207
34961
20425
50737
66359
40405
40400
43273
43270
64037
35439
23844
51609
65650
296
51606
52009
42582
2442
64298
39925
57183
42632
16810
53350
40989
40987
37000
40183
26979
1629
59858
44332
555
8558
58458
1197
34205
28697
18147
23617
25949
3833
47776
39173
377
55931
60830
46497
46499
26148
57062
17756
10086
39348
24395
47518
11024
28222
64421
47871
25428
52169
2424
16834
16349
12109
9618
21700
63463
48307
44686
44685
49431
49436
13274
13278
44359
5472
30503
32505
30500
58549
52637
23674
66417
66411
3033
6518
55487
55961
16649
16641
51901
6161
64827
25633
21132
46472
35040
17512
17511
13461
42952
30193
30778
47827
28712
23706
60311
28861
27132
43491
12699
12698
20160
20161
39960
1053
56090
8982
45536
49458
68004
59810
59815
18981
18980
47490
25094
23127
6537
59361
9975
35116
31382
29237
52964
26450
26451
22743
22747
43002
31839
43558
19906
20609
62922
62435
46981
7361
44583
12910
15634
53439
54789
38122
4086
66849
22575
66598
51553
23821
8085
52959
65818
67722
39941
6396
37539
46857
1856
2172
4966
14046
49473
58166
47969
58348
62775
34849
12874
40699
14499
67855
39199
39193
39195
5556
61454
61104
61101
58222
4144
4141
15396
32449
38958
43576
4553
56985
8866
42731
10025
21688
54810
54814
10242
49865
51416
68477
741
67624
2943
4312
11046
50489
50958
50487
50481
51576
25821
47132
42506
56506
63994
16321
19518
43905
43907
49678
45571
45575
41857
68045
43246
20545
20549
7501
48727
40816
666
30834
37112
67871
66471
61433
22569
35054
22783
23788
11513
56999
56775
56776
25789
65359
27328
64404
23066
63381
63380
3543
21550
49804
44454
24313
61024
4336
33801
54125
54128
41201
51518
25800
23318
47152
50973
42528
6864
56569
10858
43920
42385
4690
4921
4920
36400
53809
4808
40382
39408
31673
47430
40524
16035
3091
645
644
28491
23140
22234
3378
3893
56177
56872
11530
19100
61417
61148
56712
56716
64392
42261
63010
12378
33135
9065
68432
17487
40730
33790
30448
13024
11080
17879
6464
31420
19081
16059
16500
65250
22065
17166
28121
58462
15730
41104
41109
54624
34178
14425
28161
38330
38332
35220
33722
15358
56485
51259
65134
65394
27363
63614
10738
44275
46814
44757
68147
3504
68417
30467
36144
54164
40750
67130
41520
42396
25849
27192
28759
50938
52866
52861
24712
22003
31911
31910
3776
59653
51115
20742
62514
11121
49166
20529
53513
53515
16671
14408
30363
8765
6154
28986
53690
51271
25724
45778
57269
14905
57266
64607
46486
9530
46788
21601
16495
46873
46870
53721
2698
2695
14654
16754
62094
29772
27602
31202
29860
15295
8026
22644
60931
28649
40390
62380
32259
56855
3753
4632
20894
64035
49149
46665
46662
45648
20092
57091
6223
12211
15843
10500
26827
1779
41143
1559
8702
55517
55262
22253
39021
16733
51839
27743
51833
223
45419
64951
64953
64485
46859
17174
9517
30424
36109
59798
67171
40936
15106
28086
22623
52827
24238
5814
23939
27226
65943
51157
39810
10684
6240
12272
12277
10528
9701
37420
4405
3094
24561
24566
34198
58792
30946
6741
32595
55511
16757
25764
43796
43798
48264
4404
9574
14832
20111
20113
39602
39600
39607
39608
59519
37653
37659
12869
28214
26673
66200
25241
57259
4795
5830
5831
65031
32924
56320
43588
25515
4894
52151
41322
44556
40053
55934
38012
1737
28479
33105
17956
67524
487
486
3926
6091
43779
21562
65570
21561
49511
46725
49516
49517
57206
3581
62346
26947
57547
64226
48391
20134
44765
46895
45010
41519
45018
54253
54255
54259
34276
31731
1696
14764
14767
68502
68500
28043
5583
43348
31992
23686
38425
25357
60227
60221
51191
23977
60087
10305
10656
6284
183
63572
22968
44537
39177
55505
15681
55857
23766
23763
34483
34481
31052
55739
6089
32551
39087
56426
55559
11423
52053
60145
4446
60148
962
20153
42880
45034
27896
59083
7112
39501
67263
45420
11219
23955
49820
10923
64741
10924
52333
9454
9105
16982
52195
17410
3424
54590
53241
54043
18677
11187
54048
17913
47897
47544
47899
66384
12982
67388
7703
7701
50748
19180
66541
61561
38957
43738
13761
5799
3630
32756
38865
48604
44723
59710
10112
21776
62835
62832
8970
37486
28738
44983
24201
38256
5545
8599
30068
11231
48984
51742
55965
22592
10947
63712
24990
26178
24196
24199
4872
2795
52714
62446
20693
61345
20434
20343
44066
44065
40290
40291
15469
15460
39331
39336
10289
3189
55939
21570
3984
51099
3982
52276
52271
6531
52017
25451
42597
47057
28294
45215
7871
53638
33060
33063
41240
48804
19813
49971
4244
18130
31037
66174
66170
47358
30886
25931
23993
33316
10960
13457
68570
30847
46269
38434
41901
11616
57504
11087
60647
33212
62649
10095
41761
15912
12498
50709
61346
40410
24419
28967
66824
51076
52253
65864
27140
65647
36235
65797
2457
61839
52031
36949
53616
33047
25866
3224
26969
58192
44105
13260
40316
3359
5443
38747
29970
61758
61757
369
39162
3202
12720
25603
60803
60804
38987
64581
33980
42923
59124
59122
33986
8140
26734
47523
47832
9998
14514
14510
14511
51053
66149
23816
25141
10634
52238
2432
16821
16354
16823
10172
20500
45524
41203
40153
20041
36612
36619
32484
59375
15034
55497
34611
39145
39147
35697
19625
52916
64833
24970
26196
17506
36865
17500
41943
2088
62427
46998
45754
41419
16644
41413
32662
53798
59145
12906
30161
12900
1008
28702
28259
17885
66260
19102
32863
32864
61301
35488
27100
65826
43482
23025
56264
56269
57681
39957
32136
56089
37500
49192
56886
2411
49993
49449
14944
44100
47485
58784
59684
40680
23132
30392
27735
31156
34675
34677
7574
66447
55212
37334
64817
28111
24645
8138
38495
4561
20618
25207
42742
58824
10258
53441
751
50234
18032
23525
28270
23529
8671
23580
19124
27698
15201
42516
12661
56249
63982
6384
43977
60188
49607
49601
37520
1849
4959
2169
14031
14030
52635
17047
17043
60728
57373
53328
36926
37386
14783
20005
20558
62763
30553
40115
40113
48733
41609
40808
47602
47603
47604
59407
8423
39182
7592
23116
22571
22574
52956
32439
38924
55231
27738
19720
4543
11693
65346
65341
46404
7353
61180
62972
53469
24062
41459
44446
24326
58729
68224
4303
51566
61615
27674
27670
12641
50616
16332
63969
43913
49667
46360
46361
49668
4683
41843
20796
896
48758
40399
15506
40536
50996
44851
50575
47623
23176
23177
61422
31083
4111
26422
28152
23797
23799
51220
10733
25799
42951
27337
36884
9218
9213
12363
45159
10299
10298
46824
49340
40709
13016
32260
62045
23549
23545
21598
42821
6613
32295
22057
65734
21793
2123
62544
58135
64068
52677
56270
27073
6449
7256
7257
29312
31051
14295
8803
18248
8208
8206
31985
44873
44877
652
38092
47391
22202
51719
17963
65121
64385
49184
2939
57066
37800
17801
32249
66524
39203
20457
50386
50922
19091
50655
50656
65249
3765
3767
46325
17393
56805
56803
60030
48571
45850
48577
15897
10550
18913
18910
15090
47400
67826
67828
35894
28376
58496
55167
35941
61178
36605
61174
61176
25281
278
52464
53737
51264
21313
7186
42497
8016
65089
50677
61236
61238
16064
59889
42487
45651
16933
54275
58687
35211
9523
6777
55814
64616
2511
23838
28652
28650
32248
52349
52347
25389
51122
45326
36586
36581
37364
37368
58552
55120
12445
59922
32727
45184
20606
62437
9565
33097
33092
13098
27824
28095
16029
19744
5806
32911
56644
65228
51147
16684
44936
68657
33978
38016
23220
23221
30956
19489
50152
55858
16761
6087
22179
43811
52558
52557
10907
39616
39611
12890
26642
48908
15018
4784
61078
25345
23961
25528
17307
37419
41193
13113
54079
58599
51108
23752
50792
31514
3937
9904
9901
56432
43290
38850
64189
48388
41075
58928
47942
7109
653
28638
38205
50583
23943
50158
6219
7705
38499
14347
11199
62637
30911
48830
34742
55545
40080
43724
52517
17108
60177
21813
25304
53643
26930
34242
45771
38264
338
11227
25656
42460
65426
12283
49220
53075
26632
13150
33262
33265
41486
41480
38076
12284
40280
458
39301
61394
22110
3625
56039
30162
4477
48605
2461
42618
42610
59702
59871
9305
9300
25732
14344
62261
34224
53070
2016
14107
25675
356
42445
21171
46872
46924
51827
2070
14644
18467
68388
52725
60634
33209
8416
29005
39320
39321
39322
15473
8398
24401
3196
3190
49544
56231
39929
58988
21727
26977
58453
58323
66168
23618
53752
23478
35338
55930
51299
52923
2270
43049
13443
58842
4554
67029
10084
63307
8623
38164
66889
61352
60333
19281
19280
19282
40947
56071
52027
9613
36484
21255
21251
48300
44683
14089
28507
20076
45884
30504
15022
6515
55263
55265
6169
6168
55806
32326
57372
25096
16477
37219
8607
39367
11000
14529
38145
52839
43231
5709
65832
65834
25408
16586
39961
8980
58148
58147
41099
5492
40148
40328
35117
44804
26456
24632
65316
43551
17576
24960
65688
62439
50482
60697
60691
41400
7360
37238
62695
7792
17915
28262
66843
6184
48201
1937
45325
36916
14226
62778
20037
59692
39445
39444
39441
39440
55445
39192
39190
32448
38954
55229
45169
64422
8587
6078
53454
47344
1052
31464
23594
51575
15213
39272
42505
40938
63991
19845
41853
2111
10497
20546
9887
40104
47455
40815
8257
15517
9821
58320
12590
22787
31873
11515
27094
27096
27093
51219
51215
65354
64862
36890
63728
63382
60108
2965
1078
12511
65729
26202
49121
62558
36406
14911
41388
40381
18257
18017
47435
55657
44866
3098
26438
17842
24698
28141
51808
27346
12377
27225
65232
21573
68438
17488
58712
33796
33799
20199
32179
61623
8579
31421
37837
65259
4712
2337
57638
60752
1189
1347
36685
10542
33309
37488
8216
57957
36777
38084
38081
10525
40580
5975
52432
52431
57282
8876
2678
30465
36143
62076
1166
23536
21954
54313
35948
52864
26576
22002
57614
17039
63200
22847
54050
16512
40561
1570
50892
57396
22270
10487
51857
22490
64603
2693
14657
68458
39588
12478
55322
50662
60934
60068
21522
42329
2735
45649
41362
6222
40897
59949
3038
8705
35045
5601
23704
55798
1165
57249
49554
43150
61608
3203
41550
1126
48095
50688
31959
32275
56878
23935
60045
2717
10346
63793
52680
10523
36593
63240
9705
9706
28410
35063
34194
67323
58972
27036
6742
45027
67150
22609
46511
8606
19005
30589
25516
6900
4895
7523
20859
63511
3469
44551
26861
40274
28475
27447
47059
31025
50789
22161
43803
57207
64191
38825
58918
20138
64225
64229
48024
30027
26655
27263
10622
2754
2758
14481
14489
55676
216
15357
35023
43753
2560
52050
60141
20158
64244
42886
23147
5811
5569
34034
300
19046
38745
15778
41494
44516
443
8121
31071
19181
48674
67821
29971
22430
38867
36279
42068
45233
44550
60086
67714
67713
3827
55964
64892
64725
55740
2790
14116
29018
39332
66639
3983
52274
56021
59846
40994
18866
21753
11610
40192
1631
1638
5424
5423
4247
6151
6153
64703
26155
41908
53029
53024
58851
58858
60645
54087
37957
37959
6976
8167
15910
12497
50702
66616
28745
58281
56229
65868
61832
10405
10409
54577
44329
44321
8575
53617
5500
40303
66152
27774
23460
23465
65320
38438
21385
34959
33982
18386
50278
50272
2995
21447
40434
25144
21908
49427
68744
40333
31178
44297
60863
38964
28443
60025
52772
20672
32612
27484
20458
53797
15021
65198
59142
10231
26651
28254
11012
8611
38151
19105
60301
23345
63430
53304
38707
44106
58785
31517
48904
34670
14280
66441
32547
3930
64815
51771
27930
30495
21521
37719
1027
1026
50943
66588
66850
16575
10806
56244
61851
64173
1846
17040
53322
57371
59809
20551
45389
40112
47605
59400
50435
3841
60150
11690
65347
55281
54809
68221
1049
10490
23566
66703
39243
12642
10865
58119
36417
33254
8224
39471
40531
67869
23173
22553
4114
56709
25792
46281
9217
33253
58704
24300
13017
64835
60941
19521
2121
41392
41135
48779
29319
8805
18247
6582
39410
50815
47399
51245
51246
65126
27356
58898
21589
46804
38706
17497
13389
33789
20183
11097
46993
67654
66527
43752
31250
48104
41415
7472
32206
6639
65248
2328
3766
13559
57606
7273
6833
64064
1743
67823
32500
44436
54334
1563
38341
51263
56126
25287
53733
44791
24089
49300
65882
65088
31908
31909
4727
63909
54044
51109
179
58933
37072
38364
57272
2514
18540
16355
8038
35911
22035
25385
64555
60075
42318
6181
46672
49154
42789
45402
57253
13099
36110
28098
61014
2701
10535
8887
40045
31029
5657
12463
43769
64213
31559
5828
60806
55805
37418
40061
44541
29069
7755
6718
13753
56298
64187
62379
62376
10126
8927
34267
58064
28050
31986
51362
25329
52320
63543
33939
45190
20610
13341
4459
62826
45025
59096
1660
19054
36913
63703
64081
19984
18668
20429
66621
66623
32506
9303
18127
47341
51413
61181
64861
21170
54099
62672
15389
6949
47574
478
13732
165
23846
60136
60138
42493
58989
48090
58455
6224
370
52928
10976
26146
56915
52749
59130
12485
26704
14501
1594
32815
9617
49432
32485
51903
31810
25093
18204
52766
21394
21395
20169
8605
39368
23803
22923
9360
4984
68001
30565
20050
26180
24963
62927
45188
41409
62662
52167
4082
28849
22199
39946
575
49471
58162
62779
36621
31632
54667
4143
19666
5919
42734
53458
740
747
4318
11042
15961
39271
49676
53684
47459
47454
6865
22565
27091
63727
760
37851
44621
12444
47153
17699
11729
31297
40385
15516
44868
3093
22239
56172
27347
22842
703
20878
3037
34829
29309
63221
28160
25291
52436
28978
54314
25278
24714
4651
43692
62511
21293
45848
7260
12238
63203
36412
27606
39583
12472
3757
14497
60799
38
42499
57092
16908
6225
9977
55869
58040
23178
28882
52351
16696
5452
2714
63791
41305
41308
68317
3015
55515
43791
52630
58029
5392
39606
54000
47588
3921
11445
3582
15144
31733
20
35631
26222
27468
67507
23544
42889
54591
39
50749
22126
13762
3966
32576
22058
4463
46585
10442
10111
8978
8974
582
18113
8595
8591
51408
4914
42471
46933
22920
4871
32817
57038
52711
62660
62663
24604
25453
60103
9319
41248
13651
50831
44
35301
61198
64707
16497
46262
38439
54559
33867
20410
15668
26367
52033
33048
58194
44326
3352
35141
363
7990
48127
59123
33232
33233
65848
65665
12118
21714
21248
40154
13247
59801
8285
35699
50515
65305
43547
5927
60683
63889
33433
63332
63333
37221
56687
53308
37502
68015
3313
31159
16351
65490
51775
27932
27931
6065
754
51549
12660
53323
62767
52314
8427
55188
52957
6047
54807
34464
13591
894
54655
48759
679
31669
56168
27085
9216
33104
21563
5304
30451
31416
67494
65309
56571
2125
64069
6834
15347
14929
8207
44872
65384
52507
18584
66525
11686
22691
65651
13552
30317
30647
39439
50937
34148
25285
11282
57082
12228
41688
20741
42818
47230
26544
6182
62785
68324
47002
27008
55873
17794
45406
33727
30017
7499
5808
58486
30955
14939
43590
21998
44547
41194
41192
13111
176
48032
18780
14775
23942
51184
59268
57343
44430
55971
63700
22933
65631
56038
42283
3363
4869
61184
26922
24409
28974
16819
45200
1198
13941
12214
55937
2272
46270
57061
62659
416
66884
60334
14088
40302
35136
34623
34628
65195
60811
20666
38375
59150
53410
25151
15338
39963
7821
5498
30563
33969
6533
26453
65319
22744
41958
37936
15711
1203
6482
43579
7348
41423
35700
63195
57369
64921
22564
53866
20200
27221
26536
27664
63586
58121
24699
11536
22864
41816
39811
41101
37155
49016
49110
52260
35207
242
64931
68298
39584
39586
60932
32264
56444
59790
51152
3012
34191
48004
4896
50079
44005
23744
50839
9936
13337
13938
3440
58611
14484
27460
39086
53909
29260
18534
25330
52993
52193
60428
60605
12984
17691
59278
11409
55575
8973
4912
63274
727
19439
65622
33067
41138
46264
41906
62460
61344
6172
54698
5816
63860
59126
50271
61325
61324
16825
13244
59805
60682
46471
31197
17510
43346
23588
60404
5968
62977
29875
4306
2327
4685
8226
60554
45487
46823
30453
67497
65385
54844
18585
64175
31251
34570
49453
4704
36323
46632
44676
66998
39862
55162
46569
22017
13843
49545
9171
29061
56299
67702
15406
63817
59090
47086
12271
3360
10602
39323
23841
1620
39346
49435
59835
30506
53324
30998
41095
20056
32467
68472
2117
44848
34801
47175
49033
129
8559
61201
243
28641
21419
4776
3906
17408
41538
25371
54001
31734
30025
44949
27074
7932
6322
14352
24197
40292
46745
63730
54558
36237
44324
362
65128
3782
3781
62932
7315
59141
32916
53309
31993
28851
17046
15613
40805
7594
46407
54803
31474
36213
4113
36324
29983
6610
50658
21910
50417
22016
178
13842
51427
25368
38832
20104
57129
50296
4478
32780
46271
55967
45187
4083
63992
45570
4128
38937
45145
52510
46624
41812
5970
51112
29776
40098
55792
46509
17970
32597
41180
45750
12295
21189
29201
17700
14232
45885
3780
35482
21699
46406
26720
34814
10072
47233
9945
61013
40042
47614
63401
5866
63425
48881
20892
51351
16985
49430
19106
19319
42288
45191
5278
66251
9985
52240
59381
52843
17671
59841
9214
62742
647
34569
50372
54049
