22691
21012
13929
14265
6610
15244
3651
2654
22601
20511
19423
5052
10762
6264
1488
4364
14599
2710
9785
23038
2741
14807
13142
18866
23614
9755
7307
9017
6271
17439
22457
18208
7007
339
5901
6774
20716
4952
4164
1023
9124
24559
543
6512
23382
24371
14924
25758
15108
231
13096
1217
676
24057
16389
9397
19865
24330
24718
18894
18396
25396
11015
24293
9710
24924
15066
19640
22887
4550
24814
21847
17075
16994
3501
8823
5621
2457
10711
7442
6179
2212
18952
23134
15300
5346
15562
5065
3534
14379
9889
19677
16469
4846
13556
17580
4416
1563
23514
12851
4748
19246
1958
18185
3877
22741
21861
12788
11472
20108
21994
19463
5695
7357
7350
11785
13008
20780
2912
5412
11400
7719
4354
6830
4241
6544
18453
11372
19870
15455
4755
13520
24616
16006
21432
23241
3909
5934
