61441
63490
48470
40966
9
75787
24588
67597
83982
59408
4114
81940
7854
86041
10266
88093
34853
51216
51239
67624
67625
4139
61241
24623
30769
86068
45406
83977
8248
73785
6206
40629
59457
10306
86083
75845
30791
26696
30796
79
65619
20494
72972
28761
61530
53339
4193
10338
49252
24679
24680
39017
47211
34929
82035
59508
34935
34937
53371
68970
16511
59520
81600
80002
131
30856
80236
26762
2189
51342
47249
55321
10392
4249
63514
73886
18591
65696
43170
71844
71846
22897
69800
63659
82095
65269
78004
78005
49335
59583
18624
57537
75970
5494
32966
33484
80075
35021
10450
55507
53461
3485
75636
55514
59611
57568
18657
30952
71719
80109
14527
69877
47828
43261
49407
30978
33027
20740
33032
70700
51467
57614
5260
24858
34863
6429
59681
67877
71975
63787
53548
26925
57647
304
26931
51514
22850
4420
2373
14662
69961
43338
82253
78166
33111
82264
84314
43356
35165
8542
24927
7981
4450
33123
82277
48908
359
63849
78567
10604
14702
368
82289
16787
49525
8566
74103
63865
6526
84355
53637
82320
74131
39317
22935
72090
45467
62874
5873
12712
78249
37290
25005
47534
68015
4531
16822
78264
10683
35262
12735
61888
51649
65988
63948
68049
10707
59862
68055
70105
47582
43487
68068
82405
31002
66024
88555
11346
16879
51697
39411
55798
41465
74242
10755
78341
16902
86537
84491
44822
41492
41494
10329
64033
84519
72234
33324
25135
37424
82481
70942
43571
64052
10805
71433
70201
16113
62013
53822
84543
70208
16961
8772
62902
55881
39502
14927
49744
14934
76375
55896
79874
66142
44816
84581
82534
76392
72297
21103
10864
66161
31346
29301
23158
10547
6777
57980
50895
62571
18198
43654
51848
51849
17034
64330
14989
19087
2705
49811
68245
662
21144
6596
37531
76444
74397
21150
34245
51872
72359
78504
33455
66224
21169
33458
58035
36980
82618
78524
62141
6852
41672
10956
29392
53971
27348
66261
31053
82648
2777
10970
23259
6879
739
740
66001
10985
17132
49619
70782
63788
23289
64250
63615
72445
88830
15104
84738
19204
20950
70407
58121
31191
20269
37650
88537
31512
54405
76580
29478
17201
58161
17202
82744
6974
71477
62272
56131
19269
74568
76940
25418
19277
73869
37714
37716
58198
83769
54104
84825
21338
88923
62300
84830
9057
41826
4966
41835
88942
16189
82800
72563
41844
81726
60278
15223
21369
21372
17284
84875
11152
30872
11154
66454
48313
38383
16125
16881
7080
87196
5035
88221
58290
48627
60345
80826
27581
35782
11208
29642
72651
46584
15314
46038
31705
49999
17373
17376
39913
5101
80879
23720
23539
29688
50169
21501
19455
44034
82949
44038
6999
7181
46096
58069
31765
48152
44059
29724
37722
87071
39971
44073
9260
29741
23601
58418
1077
68662
33850
70715
60938
76863
13376
27716
70727
78920
35913
9290
13495
56396
85071
1106
83028
19543
5209
11363
76901
48230
89193
68715
68718
66068
45247
14186
44158
40069
4288
21634
33923
4630
62600
13449
83084
23697
58518
46234
87195
68764
46240
27812
29940
49009
70824
66729
62636
63005
38064
54450
18291
28873
3257
83133
25791
42179
46276
32630
7369
17610
87927
85197
60622
44237
72912
1234
44245
36058
38095
27869
13535
65267
73420
70965
87278
28541
5363
54516
77047
42232
6698
64766
46339
52484
83206
77063
72970
29964
27919
85264
5394
48121
19732
13589
11542
85272
44916
52506
11548
77086
70943
36128
79137
3362
63707
34085
83239
63367
38192
52529
52530
68917
58678
83255
83256
19774
66881
36162
15243
7495
60744
62793
9546
16269
77137
21846
36183
68955
5468
3424
64870
83306
56684
50545
50546
75126
5495
5496
1403
50556
38270
38276
7562
73099
83340
75149
42386
56631
23790
50582
1434
46491
83357
77214
30277
69024
40355
26023
87464
48554
17836
58797
52662
7607
40180
60860
34237
28917
71104
77249
54724
75205
5574
85455
23800
56786
13781
5590
7644
54749
24031
26080
34273
52706
3555
67051
253
38384
44529
9715
40436
17912
71162
28927
3580
40448
7613
71176
58890
63746
47704
29955
24085
62998
14937
36376
24091
79389
60960
69153
83490
69159
56041
22061
15919
85552
20019
42548
55902
32351
83516
37970
9797
30278
22089
83537
25529
42585
7770
40835
64442
34399
34403
52838
3686
11879
42604
28271
71280
38846
15995
26240
40577
8307
52868
19734
50822
47041
75400
42635
11544
47861
30356
13973
52890
34459
57626
30661
63136
16038
65192
24237
36526
71935
9905
42675
52917
26294
34488
63161
6090
54976
38596
5830
6433
63180
9935
9936
81618
11987
81626
47055
16093
47397
65248
30433
29731
12011
57068
32493
52977
42739
6782
22266
85757
73117
87817
18188
83726
83728
63249
24338
85635
42772
83734
65306
57120
16007
75565
30344
63283
63285
34614
12087
34617
1851
81725
83774
85301
81728
81730
48964
68918
24394
11575
77644
85842
18259
71508
8021
28503
53596
16218
63326
14178
38755
34665
3946
65387
30574
28529
75635
67444
69494
1911
34685
83839
26499
12164
6023
16090
77122
14222
8079
28560
28561
61330
83860
14233
20378
5786
77732
42926
83889
8114
55967
21834
59326
16320
67521
14274
61381
18378
75968
2381
51156
81877
75734
2007
85976
67547
88028
39242
79185
8168
26605
71662
42992
14321
14322
18419
12280
20474
10611
11545
55680
51267
87961
87966
48894
25060
82998
56122
56124
57290
57296
55836
16251
88020
12018
53730
65504
46790
24884
21615
49300
58073
68179
84690
87263
3517
62360
36849
71826
71532
62885
49443
59349
70483
46969
54177
33858
62089
44426
68260
29812
40969
68826
47212
76882
47672
8018
88567
35938
66500
65088
26565
26563
74955
4725
13615
86225
5840
80895
11751
51104
51109
20884
20889
60019
74224
80100
80101
36302
36300
46653
42480
46657
21288
87370
87377
20087
48553
48222
10393
10394
10399
7218
16253
18327
59628
59620
9758
78475
63275
26818
26816
68340
1767
29596
83138
83139
83134
24551
50089
24553
50080
1540
58535
28355
58532
72136
13843
77565
55100
55108
85992
17921
53143
35217
25420
3041
43302
25043
25730
57471
10704
27397
73915
73917
24589
19918
258
9502
55207
49545
45462
3682
84102
81992
81771
67266
49898
11487
68119
58122
38569
60461
36821
23839
18549
71511
58949
58239
60871
87299
83452
27555
27556
27801
38195
87129
48059
40942
29744
14740
58420
31745
79513
8034
76204
72277
76208
12859
8522
12857
26600
74685
52834
24761
65208
69692
69696
4748
32241
19764
56840
56841
56844
17608
17602
13510
48838
15345
52699
64004
64003
87457
6182
2725
48203
15863
39806
51928
80384
16911
10517
10514
21403
819
41376
5265
5263
37188
37187
14182
40202
83152
67313
14325
63653
14320
4579
23184
17988
79729
30600
34982
59972
30359
86232
89009
66953
38389
38385
38386
38382
35273
6434
82409
32580
79395
16741
85486
32727
16213
51802
19930
88061
85380
58033
52573
38812
22834
939
10744
58965
11837
13097
44207
33548
84525
68798
41525
41524
57924
9381
29729
67144
71571
71577
68864
78891
37640
71794
78117
37648
72219
34044
8057
72211
8508
30018
72217
2886
2885
50321
50450
66549
23012
28094
88290
61010
88295
88296
24747
35642
31943
35647
13655
86261
51495
34372
23906
32346
75792
70569
10358
10688
39824
61905
42190
54521
10532
53230
53547
53549
75136
75130
22991
8881
18976
18977
26852
40046
68651
469
5247
15831
40597
58371
56012
66930
53065
67339
28286
48872
23222
27029
72688
30954
59229
15307
82176
19484
19480
3919
74070
34704
6737
6739
8318
78905
50151
9924
73484
216
32709
32708
88703
81154
77477
69220
46775
21671
21670
45420
11473
43100
17149
25196
60428
25193
70179
36759
80286
53936
58908
80463
44771
27599
41509
27848
59764
48014
40900
44489
29703
78358
76027
76791
43863
59506
78687
33561
33562
78172
78176
30033
12899
26642
66211
50307
66219
28075
68519
28071
26505
6521
72941
8268
53789
4780
23691
5822
23699
48907
51164
74790
65792
65794
196
74244
74247
80619
74539
8660
42356
70090
6273
6277
31621
66026
63568
21331
41997
80870
71947
40060
71948
8900
11321
13117
15813
71050
14368
78539
17943
20318
76490
83994
11188
66913
29060
47040
41493
28913
47739
87475
494
50828
3934
32540
34727
56438
56435
30696
24469
22401
69241
77453
16825
24809
46713
73205
56295
64980
57211
5030
4434
60157
13323
52533
17120
17121
977
53915
53914
20120
62378
62805
64230
64232
59744
45004
59741
63175
78373
57961
29276
63178
14802
58295
37068
58297
18521
48221
34263
29189
49926
24645
18780
67270
34000
50365
40652
68535
68534
47920
73783
44659
24781
79200
72781
50583
43358
43359
11203
43353
51362
65008
61050
60891
23943
82599
2292
51980
8697
16163
42404
17337
56358
17332
57556
53056
10643
63762
63765
61944
81676
60091
20804
63540
63819
84778
22951
4596
70524
70528
11998
54585
62499
17927
3042
3044
43450
44031
1099
81322
29519
47719
28933
6451
8687
30916
15347
27060
48834
50772
3959
30626
8353
24442
38186
73198
4066
81444
28107
60395
38875
52516
38870
4451
953
42093
21812
24866
80794
20143
20148
68612
42676
59724
59725
27882
10453
54267
59090
59091
37625
37624
84544
595
26688
71480
58417
58419
32222
34241
77881
35190
77889
73762
5576
72909
72901
31301
8711
51346
51347
23437
74758
65933
79701
39139
74289
80652
80654
16190
12752
56370
63702
57534
21151
26101
22934
56957
14229
2015
32755
58620
71670
17715
18213
52703
20685
53251
33261
20421
20423
27438
68772
40020
85972
47881
41737
37244
29534
29530
21525
21524
454
15419
59285
15410
56364
50281
61393
88357
88356
28770
77418
3971
19420
75818
75819
81796
87677
11416
11417
80223
87239
48349
59873
10123
29235
36991
49693
37020
49699
21748
71242
62844
78196
25046
49968
77032
40344
44316
40342
40340
29942
18297
2800
62262
28544
34221
30279
6323
79240
79249
34598
14101
18483
47348
6557
48978
73914
15068
27742
25929
23989
23981
39113
9886
74550
74552
74557
74558
12771
32331
22588
10958
69896
69899
64714
10957
16464
25586
2252
21356
46258
63856
75609
2786
45698
32074
57041
33467
68388
62459
7413
60634
36033
36035
33206
85959
68966
78077
20350
86758
8394
61374
77389
3195
1363
61519
22467
13736
13734
4023
11382
43275
65156
21635
32523
51063
84206
56582
52261
60350
65873
56054
25442
26692
42052
80206
75836
75839
2441
2444
64299
83001
7860
39926
42630
16817
85184
12120
53602
70716
70246
70713
70710
63447
9320
33073
45318
37008
18857
37005
37000
26971
84584
45067
59858
40367
54372
14715
33690
28563
76712
5456
31693
5533
5532
51472
51477
23514
68712
77899
48958
48951
25941
25942
3836
36825
8450
379
370
16667
32316
6145
18896
77598
15412
15413
16175
65461
65464
75442
26142
26144
43048
11598
46274
49775
79827
75663
70014
10629
57069
10623
62474
58847
52745
72910
13198
53298
53299
63874
62650
48420
34942
7324
7327
8371
71633
78277
12956
41773
41774
70902
59131
54745
33992
54740
30753
15456
76507
6463
24393
86730
71682
24904
67560
14505
66087
27557
86343
86344
72893
11362
11360
89153
73938
60331
73283
20622
23869
82080
65671
74107
25422
53995
25421
80773
80771
52245
82881
16341
16830
7844
7843
12105
77147
77144
9344
72096
63467
1813
68804
45265
86503
85700
26954
80958
68759
3220
68022
78480
45888
45703
18922
5511
85854
87632
34086
79283
5129
532
47306
47651
66411
11104
59304
35136
55486
39156
39150
31360
31368
7541
7544
50500
19342
12734
86082
8032
21131
24944
21133
38992
22726
43537
43538
17517
25095
25094
33604
28291
72875
36561
42959
42778
20445
45746
20918
9286
63098
78257
71343
76692
76695
76694
76697
15924
34430
26720
2982
14699
68925
47826
47827
67957
35266
76520
73111
73110
11344
50990
30960
2241
25403
15338
32292
46047
39966
16363
16362
32120
19805
61804
26260
64129
85495
84016
1835
56899
4982
81002
45246
85724
85728
44114
73058
18980
71405
5498
54336
20052
18180
29439
510
23658
87738
87739
48913
6538
73854
29659
31160
18884
29650
35114
29654
72456
55469
55463
34602
73582
24586
50035
31381
88675
13895
26455
36997
24635
22746
69783
51926
16117
55188
13407
13406
41954
24964
24962
46453
46459
20602
27928
62433
62435
64372
74311
51062
74319
46989
42201
42970
41407
41405
83953
53788
71368
54716
70944
59176
30174
37234
24035
71097
71094
49841
63343
62695
50009
20432
86861
58776
58777
58774
58771
34918
76326
76328
1031
14540
34452
8668
17893
13797
13799
89112
11327
32856
61642
88862
61440
35490
23351
23828
76813
76812
74419
80734
80733
40343
44313
7802
57693
65766
32140
19863
6395
81706
2398
21218
75238
75239
49336
79961
1850
49472
85740
85746
1932
5128
68066
62599
62598
58470
70770
70773
14731
37397
54319
71421
14737
38712
84399
85818
41611
48705
21625
59697
59695
44390
29415
47619
23106
59343
32628
26885
73831
55442
55444
44821
35392
22506
88657
65152
61100
26474
52948
69814
32444
55233
28100
38957
35538
51974
19302
55222
60500
46432
27302
24909
69105
81902
69108
80051
12081
49282
42732
42734
49286
87080
87082
83978
33171
30484
63366
63364
9020
24010
741
26835
83354
2943
5356
5355
5359
27313
31286
31284
27311
31288
37872
24487
30890
30736
79300
66860
61663
67172
51684
29750
82754
82753
16543
16540
58657
84970
88224
10879
52889
56502
52887
63621
65747
21054
87097
43900
77170
86900
21235
46370
21231
1872
79941
41853
79943
81042
14022
54486
5109
17051
62575
13217
882
33340
20545
20016
83508
36648
40102
84410
9880
87694
57814
57815
69832
34770
8257
660
8787
8786
8784
1912
73810
29697
77841
37114
37110
78796
34645
50563
47634
23167
23166
73252
69879
4129
89099
32424
28120
31873
11514
11517
11513
11512
27095
51749
5974
17200
56773
51899
65353
46147
85598
42715
36896
36890
55126
33119
71322
84171
84173
47221
53477
70985
63389
2079
3546
2967
71583
62385
68984
28452
78636
14589
72801
17855
15986
23570
61602
27663
27660
28801
76850
23316
73179
35723
73171
6439
6608
88758
56562
56569
63583
60959
19532
75588
23399
77720
49078
46353
21967
21787
3737
45559
4925
79922
43650
43653
58128
14002
54463
9696
13642
84786
41264
58383
14917
48295
36663
36667
83830
31958
1795
40381
40389
78408
18256
30674
15514
88436
40526
79333
13514
51330
11798
29696
26431
24695
28148
28143
79469
73345
49689
51235
5959
82495
64642
21752
46161
85202
85203
25275
74371
9799
46290
36032
36879
39797
62941
9065
10288
10281
21575
24056
49828
49829
22846
20400
20999
20992
2907
64547
707
40735
81393
5319
64019
18068
67660
83313
67669
66535
59042
59041
29156
74291
82063
8572
12579
15252
35744
39236
55367
86027
16507
61084
26597
56541
60978
65257
19553
75568
75567
75564
14707
2489
4677
5149
5145
20769
17013
17010
81888
45824
48505
34828
34821
34825
20505
44664
41104
15738
53535
63223
33301
14281
59907
59455
59456
39422
54171
68376
37151
67341
67832
11148
72105
72108
28160
28161
58789
34684
38336
35221
73414
33722
11551
43082
51259
60569
48035
82211
32027
16264
32023
32021
51879
6012
53552
9262
9261
11840
24116
12393
26019
85626
38059
9089
21597
38536
68411
68140
68141
2670
38651
13049
43915
48969
81216
727
29794
29797
29829
61778
67131
23536
1163
31226
31228
29171
47194
8556
8007
39215
50398
50935
50936
55345
55347
22664
24713
50642
75541
42243
73060
69399
77764
69951
17388
41839
56837
17387
43698
7889
51116
51111
51110
72071
62514
60005
64053
74230
36334
46644
80110
21928
10382
7266
15711
70804
78442
24157
78441
49783
8834
8836
30638
30633
68606
68600
68602
29585
29581
71795
50090
47694
66182
13834
5622
31976
88966
22011
73477
35066
23271
47030
57397
51271
10486
88382
82239
65657
57260
51850
12006
12005
88033
81183
57400
57403
21604
23010
44789
75007
22806
58062
45781
10712
70124
2694
53729
14650
71293
38631
62893
80306
44253
83461
54185
33539
41576
27817
61015
17831
23513
47202
23515
47200
23517
59003
56564
77967
31755
31756
76219
8020
88550
8024
42581
66575
66577
15318
52802
22398
8183
22647
22394
28647
66796
22022
47849
86230
77033
31978
43324
4752
43454
56905
55636
58733
56670
3751
75297
60249
2199
57672
83735
52111
13298
36310
60793
64030
31940
85454
32745
46664
49141
20098
87349
45317
10369
73033
83852
80396
70823
59631
53579
62794
62796
40099
40092
26820
40097
68339
68333
11108
3035
11105
48751
31569
16203
55511
55842
55513
56644
9636
27018
18858
21721
73670
72504
28430
73905
16736
65684
32069
42799
32064
16188
88051
86397
81164
21627
63074
21629
63071
64959
64483
58046
58041
46500
46859
58049
52567
52561
84397
5048
22827
60470
60478
70103
70102
14679
18556
33736
38617
38614
30424
33558
87134
41554
67170
57931
10199
72086
68817
25882
59578
30280
39560
78103
8042
8515
8511
67790
35903
24289
66226
66220
26537
64978
77500
23398
26420
35675
13649
43305
51482
32908
32905
55659
19752
5816
77639
56879
4615
23931
60623
82377
33699
60044
2701
20870
53884
80156
85472
53085
16963
63791
53225
53222
63530
14990
14995
37355
37353
37352
37350
45332
86415
26847
6607
14337
14332
3012
30361
34337
4183
33712
67899
23723
87420
87421
73613
6747
73924
9956
19927
50004
88074
77461
75133
81145
85396
75319
75311
81729
11466
43178
57226
43173
58021
46158
38803
17402
13313
60453
9576
9574
10756
58799
58791
20119
20115
20117
83425
85640
80457
80454
85643
33245
44210
70781
70780
46170
29735
76785
76788
72063
59515
31713
26986
77924
71788
18759
30004
8067
8061
40667
50338
50335
2891
2893
50447
28060
22351
43369
35652
5837
55679
21972
61009
56639
64784
56632
65965
65784
82603
72065
43583
40596
40595
75786
75784
2778
10323
10326
2770
4897
16415
16411
7974
7973
9497
12252
14005
19146
46957
63519
63515
26989
75127
841
75128
26984
45357
41321
80863
85487
40059
71959
13125
78572
3070
54007
58583
54003
27446
88140
17954
66926
47584
59186
59184
23210
82162
30924
12416
87696
31030
10979
73631
50788
74064
82290
72541
88898
9939
9932
12066
46821
43774
69564
65577
65579
24832
49040
58009
1100
5004
17138
75015
58431
36720
4423
4421
20138
20130
46894
42641
85115
42648
48027
19411
81615
48029
44492
77624
57977
33772
37098
8939
34274
76017
86597
1691
30027
12883
50313
24241
82173
28048
77275
13932
28
72224
42936
66483
11279
32942
87876
60228
51190
82627
69068
86833
51999
51998
88131
39852
70083
7913
7915
63751
181
26130
21306
56965
56964
75107
2751
29297
80885
80884
71688
5219
70337
13104
37280
9339
28459
3058
51312
14373
14370
14371
20300
45952
69368
89073
89072
29501
29503
47700
30906
15423
87468
34489
59254
50767
35023
35020
72566
82212
55737
3943
73966
73968
22179
24476
61545
81457
75359
21824
56285
11422
52055
17440
52505
36707
36700
24814
24811
24818
87264
41287
84081
87268
81808
42664
42884
42883
85177
42881
45033
45038
21672
29265
10463
18539
33750
30226
1613
37619
1679
1677
67261
67269
50372
29991
58422
14746
14745
33651
77217
4208
4201
4207
38273
303
73515
67546
51359
32965
32964
32963
51351
51350
22311
10324
82314
65299
78895
82319
50902
9504
80648
12744
7931
7933
7932
7935
7934
39876
21145
21147
21142
52192
64032
21363
38472
56946
79850
3422
17583
70536
14176
14172
79632
70714
11187
11184
54739
51237
17919
87030
44045
44049
1084
71479
47092
15402
8695
8694
82124
8690
39315
39314
61386
61382
88328
88329
34757
73986
28926
28920
83732
43739
5790
19458
82873
849
49567
57713
19983
19236
32757
86950
13377
60163
74176
85373
45589
36180
44009
9066
12172
46582
70275
70276
59863
9667
29209
9669
63124
27844
26694
26695
67714
67713
40609
2830
5401
34231
38788
76728
38781
35181
73758
13974
77897
73756
73754
18112
18110
8595
31333
13574
4666
9894
328
74814
16612
84841
63710
63715
75491
81649
46241
49748
85523
85522
21348
22927
367
4870
60592
38410
57034
10612
2793
70517
14113
14114
58656
33499
18470
18472
68399
68392
68390
13143
36515
7778
67010
4035
44068
44066
47569
15644
29017
29012
78048
8106
79647
460
15392
15395
26773
5112
8364
61363
53499
28940
22101
22458
77173
26341
26348
52273
60366
23854
23856
65323
23853
27164
27160
27163
65623
86999
60108
25105
36228
80234
42043
46745
48378
48373
45216
58517
57190
42624
42629
59843
70259
70702
63106
57998
9319
9640
9311
49688
21750
21751
41244
26904
26907
77262
1637
45070
2817
2812
29954
2818
54365
14705
1184
35168
12417
79257
30080
35307
23199
23193
61777
87814
78854
78857
73085
19377
42454
88896
4529
10960
69554
16490
2263
43503
11611
63342
58852
18459
18458
58854
18451
11945
18457
54550
52739
62465
36535
62643
84670
10092
39744
10094
60665
76391
15663
15665
67661
78063
30744
86744
50256
50253
58358
61348
61342
63867
43265
86359
89141
80558
11378
11373
19410
19147
55752
85704
56226
56223
27142
51613
56043
75847
73816
7852
52032
10407
70726
9626
58991
49406
84244
1610
13265
58332
54349
45891
30248
82065
88591
38297
83736
546
67205
48946
59316
87743
87747
7681
32492
8444
31373
7534
364
74589
55255
33977
12728
12726
12724
69575
64851
69572
52930
74915
24956
24950
75981
81601
81351
19085
64588
75187
46203
11527
85299
5298
62408
58835
5290
64324
17745
36551
34409
85072
85077
85074
85078
84657
48129
20475
11966
9557
78263
12923
30183
10210
70910
33987
34400
40780
2990
82460
47838
47529
67947
50181
50182
50185
50187
72877
38175
38171
423
68243
66898
32800
19163
60326
60327
86943
53983
86947
46077
81265
48934
80872
19835
17198
52584
44015
57336
75240
41208
48331
80946
85711
37690
6517
49422
68037
49102
59805
29719
58319
71908
30511
62237
36617
57976
85841
40845
40840
40339
23660
23661
59370
15030
6506
35121
78810
23484
23482
72469
82393
39140
73590
62642
35690
34271
83944
84828
26448
24622
65302
24973
22757
31825
31828
4500
13473
2081
11651
27954
62421
81954
64300
74304
74307
74309
80532
80024
20909
83943
70688
53792
78246
63081
18418
76688
76681
76687
53426
70970
70977
71080
21507
49853
21502
83367
83360
30703
50216
50218
68263
79196
79194
1007
1000
40450
14539
11011
77487
11334
51032
61655
61651
74688
11483
11481
82702
76821
21582
74469
28042
21880
10826
52215
7813
16374
16376
4495
69300
26279
57358
85482
9371
9372
49626
56882
81033
81032
2416
48187
2148
49994
85733
68014
1926
1927
49444
41084
82548
52232
70764
14237
14234
71415
14949
12408
34859
34858
20022
44100
83884
83883
18199
59245
18191
68
72221
87641
48909
15543
8265
87702
73828
8276
29646
57850
31622
72449
34673
8406
70461
32894
35818
61085
33308
22518
22517
26462
24643
8219
65498
43349
8218
82910
82913
69794
69795
38942
19318
56740
3484
13410
13416
32944
85256
85254
20614
9604
80516
80514
54717
49298
42965
87167
71310
71314
78224
71318
7370
33140
70408
37241
29899
50239
1024
77319
37867
81015
14558
14556
5
72830
13785
35715
50498
5735
11319
5732
23588
19128
32842
88870
88871
20444
61585
22189
12665
82626
61281
10802
52896
57117
57114
65775
21069
86918
64179
43973
63186
65580
1845
53142
1943
49466
54490
62584
36382
57375
14789
71120
71126
39683
36652
36654
15262
84408
57809
71434
13811
76474
76471
76470
611
79789
8243
34127
88409
55181
55185
67849
50000
50003
35387
50555
9831
23111
87988
87983
87982
32433
22799
22795
75924
75925
34784
77695
15559
56482
51208
16149
16147
56762
32205
79898
73411
85233
11691
65347
65346
27314
24938
24937
65349
64437
81913
81917
74344
30774
20948
45713
7352
9238
9237
54806
56555
21545
21544
20491
26796
29876
778
24322
71597
11051
11058
3129
17849
72811
72819
8659
15997
15993
47829
61218
5757
15192
67471
74644
66705
66700
51690
47141
72768
12500
27079
58621
50612
16880
16887
63617
44530
69614
49664
17686
4938
2103
57178
49483
52612
52615
20790
52618
68054
10489
53872
33338
84791
6389
36677
55827
80301
70855
48757
78410
76109
33764
72157
39471
86483
31660
29689
7601
37105
88935
88937
86159
43233
28337
39141
86032
31086
69866
4118
4119
52124
38903
81685
23797
61131
85219
85210
82269
82268
60033
74364
74362
36082
10073
36885
36886
70195
2643
9211
54868
62951
53481
70447
10293
46825
21566
63392
63393
75016
89078
40709
44469
86630
1063
1067
70992
71713
33818
14596
14597
20216
20217
79687
62040
79685
76599
20219
83304
83303
83302
83652
51506
23542
5773
23546
23545
25879
29147
23893
23895
74997
66725
65300
12564
73164
16530
10840
52858
10848
84942
29500
60948
12197
26211
43423
49138
21976
49645
21797
3709
79913
79912
79910
17667
17666
41868
81094
13577
43642
81895
20776
20771
15727
63494
9681
9680
62722
34837
48510
36699
36693
63399
80323
6854
41133
14633
83796
70877
57849
14291
33640
58396
58393
71476
78434
59445
8208
39416
63668
86176
40514
44879
14431
72560
24511
72177
1506
23153
77526
22208
3885
79474
55416
73400
56143
56497
35569
51719
61152
65121
25007
64652
85276
46117
46119
32524
75966
69155
6003
42276
996
10058
49120
10727
999
45131
26009
39747
9095
44262
46801
42855
21587
17494
3575
60681
38529
2669
44408
2935
2932
3799
20180
76609
729
9889
40083
54158
54159
17808
33870
87163
87168
27510
73666
731
67128
83675
83679
67121
67120
23521
66529
66837
81455
35896
77950
35953
50436
55671
55357
32202
6634
60967
60961
60962
56556
24729
19547
31920
21822
75735
3768
17391
17390
17397
43663
43665
43666
17025
60745
53383
36458
53388
80127
48571
87315
48574
70209
83809
42130
59816
8005
78458
87562
18918
18262
59937
30646
42598
54467
52325
52054
35895
40572
58497
1564
77546
8480
88973
79498
79495
35234
35232
35547
73462
11543
11540
19390
61178
61179
87969
87964
6792
75943
75945
51847
55839
69056
46701
9253
10705
57473
46799
49566
21612
26022
20801
69177
44249
44242
44244
58070
68178
71285
69886
62889
38649
61173
61175
13051
70480
33851
14689
27570
27571
27576
29815
29813
67105
66899
56971
39599
7188
29432
7187
76886
72251
72259
88568
8014
15281
65885
88560
88561
7456
26627
7451
35935
35936
2331
52810
52814
84906
88702
84909
6793
69392
75532
61237
79007
77756
22019
394
398
76494
48914
4729
74483
32221
16068
17628
3743
3740
13534
4628
10464
52105
20888
60014
13282
80104
85422
36305
21939
41357
41350
83862
10391
12221
12228
79720
15870
57889
57884
18326
21422
78479
78471
29762
76866
40082
40087
68348
41683
18537
68342
83135
37295
1547
691
696
14474
1549
72139
79708
79704
72137
59084
77564
73665
66973
72394
38362
55109
85990
35214
23261
10703
73913
56453
32077
88049
28014
49561
57410
57411
57417
81778
64924
74687
3535
75077
10760
36820
70139
11480
18893
18890
54993
38625
62313
27559
40622
29747
29294
68802
1159
1157
1151
30292
59018
39579
31743
35915
65062
65060
2798
52839
13987
80446
75515
39465
77007
73056
13677
13675
16006
86865
52168
81389
52166
41698
25568
6185
41691
48204
23993
10372
51929
6231
70366
71184
41370
37189
17443
40200
4576
40208
24158
79721
30603
30609
22459
18921
64234
30961
34187
23718
6437
73601
59926
79508
55784
6753
73937
73936
51804
16211
20603
88067
88066
88065
12059
17799
42782
81170
42738
49524
2538
38546
75097
38548
44427
70116
70110
70111
58962
54202
48558
85126
44209
44204
85129
84520
33543
84528
41527
9385
9387
29725
29727
9388
45509
62590
72074
81034
68865
42976
59566
59562
26999
42972
81447
71793
50459
7492
47254
28096
28097
24290
61017
24741
24749
28892
14406
13650
86262
73035
5809
33579
51328
65048
79994
79992
17375
46026
36427
23901
23900
23904
65955
53894
53899
80645
42373
42372
16688
42377
74261
16681
4888
10687
61907
42197
53232
63507
9713
9712
63509
9716
24102
48260
71140
40047
80859
71966
14238
1729
40267
38874
58574
58575
58576
32029
79742
1580
1586
62103
31024
5652
5651
59196
21510
37715
28287
27026
27023
47061
31792
30955
82177
7777
7774
50841
44101
56418
84358
50155
50153
9926
55503
211
22174
88081
49341
77474
69227
69228
21814
64526
21679
75302
64961
64963
64967
80796
58012
17141
14821
14825
87258
45281
83411
80460
44775
44774
41050
47808
48019
48016
70799
54227
37089
34280
34284
15936
39533
31704
33563
33564
37666
78174
30036
30034
30038
8076
43644
50309
1447
1115
55512
47900
14955
28618
77044
35836
77048
2307
88389
4781
32930
5826
32939
7914
64779
64778
82349
21991
42428
9679
57575
57573
34456
2764
34458
6276
9730
22972
48247
80874
26871
40065
5221
71051
17944
28449
14490
14495
14366
87060
45944
79761
79762
33928
66918
40246
47042
47043
34490
6479
15362
6477
3935
32547
34723
34722
34728
72557
88312
56437
56433
50176
19201
69243
77454
4049
82549
43297
3661
65588
49072
46710
2577
64983
57214
5036
4438
53916
972
80628
21933
80268
80267
62371
62370
64238
26461
84569
53662
63177
29279
14803
58920
37064
33768
30239
7100
7102
29187
33584
50361
40654
40651
58434
28050
66275
24252
24253
68532
47929
72035
1468
28580
1463
77200
77208
24784
24783
5591
5593
5592
79203
50581
73560
73561
11207
32950
51369
29732
61729
88788
61052
60890
60237
70656
70126
14874
2296
2294
32371
42403
39864
63768
64536
63646
63647
21317
56970
22957
4593
44526
44527
44525
79260
11990
54587
54586
62497
62494
78529
33935
11192
54721
11199
33249
33248
62148
20379
34928
40006
72581
1098
61389
28935
12422
15344
50771
55094
60888
41574
61554
61555
7661
32976
22133
26338
81449
81111
69913
5787
60394
19992
32743
19994
19998
52513
56011
4453
4452
4456
57493
955
21813
48636
84093
64252
64253
68347
80421
45027
53647
9671
39656
29218
71261
71269
37048
37591
54912
59096
49295
43619
76449
68083
1666
68730
1661
83013
67250
67707
71481
40636
3387
72018
68557
68556
13900
79268
79599
81621
68065
79597
31302
335
334
337
336
331
333
332
3268
58533
51436
51341
22309
21690
82309
79526
74578
42462
42468
16197
80657
88103
64738
74575
63706
57536
21152
81652
88105
26105
26103
42287
42283
85553
21371
14953
56958
79869
53074
53070
33487
33486
14103
18485
71672
52707
52702
71136
20683
33265
72398
33268
20422
48179
83225
67069
68949
63359
41738
29533
22020
31122
453
15418
8377
61395
8379
28774
751
49129
26350
86306
81460
77148
4000
4005
51084
32506
51089
3628
55768
81794
11415
51886
51883
60119
74148
77087
15798
20162
87231
42617
70266
70268
53620
10126
10125
29230
49690
54932
37026
63133
6440
78193
26916
44393
84214
68716
67232
14739
28545
14736
58474
76049
76042
76731
46586
79245
43327
31328
31329
31324
31326
43320
51415
4756
23185
14104
61761
27749
61767
27741
8270
73910
19777
25671
25670
25675
73527
74559
42449
55917
16466
61986
77600
81329
31146
2259
81325
49755
63855
4090
75605
22918
60584
41934
51115
38406
38407
11602
11608
54545
14126
60630
60631
36529
9798
23581
54761
87002
48158
39759
18665
76384
68969
50540
68965
12976
41756
15651
44824
79658
86753
61373
34782
40400
67917
67910
67913
36314
24403
24402
47754
22469
22466
22464
35788
19159
3996
55769
56235
56230
56233
35435
60351
23845
47120
65656
65659
51605
27179
42050
42582
42580
46000
2443
2447
42636
42637
12122
64813
10417
2734
10413
57982
9321
33072
37551
37553
62869
62867
41361
86563
56845
5181
3533
84279
59859
33695
14718
58328
30256
19871
35151
31690
5531
38780
83055
67213
67212
67210
83058
66163
35186
7697
73896
77895
25943
35840
39175
73095
12713
18897
84870
25617
64844
46493
19308
65462
64591
26143
69740
10803
43040
70011
70995
11621
11620
33442
62479
52749
52743
36545
53291
37376
80567
80568
63878
62652
62658
61850
34949
34945
48135
83269
7322
83261
19877
13420
15671
29572
33226
54742
78016
76508
15457
76501
15459
40796
26707
2384
67978
77360
14509
26251
43210
69976
55748
19178
61352
61353
60333
60332
73287
19281
19280
82081
65676
25136
25137
74105
53998
80772
52247
19824
19826
19829
19828
56072
9345
9346
36952
36950
46683
46682
1817
14881
41214
18764
41212
26957
68758
68021
59838
71174
47935
19421
38757
62224
78736
51080
46970
29908
538
47657
47658
8702
1903
35133
39483
39482
59491
55485
55482
8451
76999
76997
39157
50055
50054
76207
19343
65191
60814
69503
64827
64826
69509
21134
77642
75646
75642
17518
34533
25093
25099
85281
5289
58828
62416
62418
60670
60678
20661
20665
7615
80545
85066
80015
80011
70691
63093
81603
891
70967
78035
15920
34876
27449
14691
35590
40449
40444
47794
79615
84406
11348
43231
32871
35476
70689
87916
86310
46754
25404
25405
15339
16587
16586
82574
42290
39963
63821
7829
63660
61803
85496
84013
84017
3794
3790
2404
2151
2400
1957
14069
14065
49986
13256
13250
13252
13253
71407
71406
62207
28527
13499
72980
29437
83094
42202
628
15553
27722
6539
58873
59367
71391
77807
72454
56446
88458
8477
34601
44802
73588
50529
19324
88678
58365
26457
26454
24637
65314
65316
22749
26181
63137
13401
41957
4605
11663
222
221
85262
45187
20604
27929
25216
42979
80527
42971
21337
39731
39738
44585
33407
81169
33153
50553
59174
53435
53432
63341
71099
80911
21519
20435
50559
49557
27429
7793
7795
58772
24357
71897
1039
1030
14324
14549
15494
15492
17897
13796
13798
89111
66590
66849
11328
61117
61646
61115
35498
35494
23823
23352
27119
8088
42566
55692
16564
6648
6645
52202
56252
63644
63645
63640
53151
53157
67725
32144
6397
2393
86290
80192
61599
80195
21219
21215
45514
43618
49471
80996
80995
1933
3264
58160
5120
1426
3364
70771
37393
14225
14226
14227
71135
18210
33368
28540
20032
34840
22797
68682
41613
15793
71029
44391
79794
23109
79793
63784
8271
87717
26887
39448
8102
10770
31149
31636
55441
8410
50017
9802
88223
88651
26479
58226
38954
22762
51979
38953
75425
82906
31855
55227
51761
55999
19309
38486
75680
60503
11687
27303
24908
69109
16790
74331
87089
20488
7340
54813
62909
30488
30483
30486
30487
29081
63368
18687
86266
50222
27310
11045
14564
37878
48061
24932
30737
5743
61660
81916
81919
51685
28823
15216
5261
16544
6665
19842
16897
61840
61842
21055
52088
52089
43903
43904
81228
81224
1871
4943
45575
53132
81047
54482
17054
1910
1914
1916
59573
10498
36394
36936
33618
33345
34864
15105
36649
77901
87693
87692
71444
40811
72149
8253
64921
59414
8780
29698
1915
39460
34136
79440
72367
23169
87999
61123
87990
8512
32422
55422
38935
36426
81695
50861
81692
11519
27094
51214
51215
25031
25030
85221
24929
45498
70187
70189
9595
21170
71323
70459
10261
70981
52014
63382
75000
75009
2966
44452
40716
40710
34415
71584
79143
5375
1072
1073
58735
77983
33805
72804
17854
61607
59063
59062
28456
61609
25587
74639
72776
47151
31877
47155
24320
6438
56563
69463
50609
85536
29473
65725
47859
8108
49126
49652
1892
41878
13587
41874
57166
43656
58129
43096
20786
36407
36400
2782
41935
84782
10706
76460
83833
80333
80332
84430
48746
70848
40384
83781
18250
18252
71462
15533
76445
8238
59389
76111
59470
59476
31673
49076
7639
7630
9947
38111
55658
63457
1536
1533
1532
1531
9317
85460
73692
39681
54246
79467
38313
38310
32403
79468
73342
73349
33065
11539
11538
11535
88697
21756
56718
34644
85207
75972
82278
6393
64394
74372
42260
21063
10062
70615
33137
33134
54391
10289
44298
49820
24051
24052
75027
22848
3565
20994
20996
64546
50564
2906
701
14618
76611
81390
27704
71704
31793
31240
33869
79698
79694
67662
66532
51535
74642
29157
23883
23886
23885
23888
8574
8575
88598
12578
15255
51395
55361
16053
44305
6627
84938
84931
24732
50625
65707
19888
65702
19886
19884
2337
2339
77701
25481
32903
25487
49109
49101
12977
79909
17671
63959
120
121
60020
60751
70288
36466
80132
48500
22789
83814
15735
70862
63226
72619
14938
18270
30653
30875
67348
34174
86160
40505
76134
72104
72107
88322
35081
49053
35086
15359
27096
88900
55170
65171
35224
56487
53359
43083
51252
32687
51258
58150
31721
87955
46104
63965
16888
16266
55826
32028
6010
6016
32253
1123
63031
58889
12396
12397
12394
88805
69163
64440
58082
21596
21591
84688
75042
75044
82256
30460
30920
38655
67543
71724
71721
78676
17813
17816
87170
29796
728
1161
1162
89196
66514
48070
29720
12805
15275
88571
65892
23315
50399
16073
55343
26578
26574
69429
26573
31915
86219
81240
86962
86215
57619
16383
17032
108
64054
74237
36330
46645
45840
45665
45661
87369
45669
83878
10389
80375
54428
42127
41168
59617
41696
10567
19405
77938
20795
18924
83296
52619
34339
65894
68350
29584
24521
58527
58524
58528
14402
76400
76154
34373
66988
55113
88158
72384
47039
51272
53873
25058
25054
46124
27382
23231
80585
64871
42862
81760
81766
45475
44780
75063
46877
46874
75068
38512
70128
2698
71295
78385
38630
72175
54184
54186
17830
67111
67112
67118
68187
44435
29773
1142
59005
27603
42588
47074
78654
72246
76216
76213
85667
76218
88557
44923
2266
42587
66573
22397
69401
69403
77296
69405
60930
66797
43323
4757
5874
56675
39929
32070
51131
51136
51135
71105
52118
52113
66885
6195
46662
45648
48234
10366
16901
16905
80390
12211
6226
23662
10500
10505
24170
18946
62795
67565
59946
58851
1770
68334
83149
24543
55665
73927
11106
28346
34313
7606
76172
35048
77856
66963
82436
82438
48841
55794
6769
73901
56110
56447
16739
12024
228
224
32067
32065
88059
81160
81163
49556
84672
49084
2502
64484
46505
52568
57425
57421
58229
14675
58958
54212
87289
83442
87282
44239
1521
18771
10091
59795
87136
72884
72886
31952
67234
72088
1122
1124
1126
25884
25881
30284
34055
8044
79509
72264
67797
79437
28080
66553
22624
85465
7983
24757
57225
28880
61248
61247
61245
4774
43175
77016
14714
51331
52359
14241
30895
82378
60047
60042
141
73178
53880
754
42304
74271
85473
17155
53088
53084
10345
53224
10522
53551
53229
63533
7614
48217
48210
44572
67091
12493
67545
67096
5252
31930
40212
11128
4256
59961
59965
59967
4189
4188
4185
4184
4187
35064
5660
5669
9384
67321
61130
61132
23239
23230
47072
47075
23726
48869
15315
42994
41561
82414
87423
73615
73618
73619
72525
72524
78935
83057
9957
9951
16200
19254
32730
16208
83050
12042
88073
77467
21646
49538
49539
23270
85395
75314
81723
26079
2529
57223
43174
57228
17151
52545
17154
68125
25187
13319
9577
11808
33713
58795
44213
58516
68788
68789
68784
68785
68780
70784
41533
41534
39602
83390
83391
44778
10077
71569
78343
34297
15128
72061
59510
59512
59516
24127
31719
26985
7152
7150
37656
49656
78693
73898
86609
40781
26677
23004
71428
77785
73004
77780
4798
4796
89208
89205
65032
61000
65037
64783
79985
25379
79925
74783
74782
27205
51426
81802
74257
42363
75788
28464
10325
33975
16412
21183
21185
56766
52156
70317
46955
63517
21459
22985
848
41329
80867
71952
83003
1739
83209
68661
78577
78575
54008
14315
14311
27445
20322
27441
27448
31522
85921
47721
55841
28298
48804
59239
12410
31031
50839
9691
78914
3927
77599
88891
72544
73495
56407
73492
87594
69568
19275
32716
6092
88092
81120
81125
21844
75333
75335
2542
26099
24048
16485
5008
52527
13333
13335
53924
58914
20139
42644
42647
46891
42642
77623
41045
45011
57978
54254
37096
37097
59538
1696
33596
1698
33592
33718
30029
30025
44940
86625
50311
23021
28596
27
42933
35071
35073
66482
49777
23689
88795
79820
60221
77787
51191
22088
65906
69069
70013
80666
88134
39850
10659
82288
63752
78621
26131
185
63284
53266
63579
46975
49705
21308
56966
56968
22961
71685
10403
62484
13103
18654
71061
78550
67723
14375
87057
45957
62041
67058
40079
67052
217
41700
15680
29052
66012
15427
50768
72562
88309
6700
6705
56422
56425
24473
55882
43750
69908
4051
81107
26302
26303
81452
43288
3610
3612
3615
56288
20021
11420
65966
17446
60144
38849
967
80277
80271
20155
62361
64249
64240
80964
59732
87197
39644
71211
63148
11848
30225
34255
39500
49934
74625
74998
83026
83024
30041
21982
24261
24267
58428
1418
68523
77213
15676
31310
35341
305
73516
11213
4899
82317
65920
9507
2774
42414
32345
74561
32348
12749
64741
28145
57013
9101
52193
33225
18623
81660
81661
18625
37442
39114
75161
3426
4585
14177
30757
71667
60605
10582
33927
71001
71003
18678
54738
62601
17913
9833
34938
27401
34932
40018
68951
68950
85966
47898
12986
29523
79667
47090
846
82126
39319
21327
61385
61384
19183
55711
72586
34755
73985
61562
5796
75808
81782
60387
57719
19233
32754
19988
52077
52076
56000
49003
21805
42060
71510
48359
41262
45232
16849
42601
42602
59868
59310
9663
36981
37057
21778
33005
33004
7138
26921
1658
1656
50358
71493
2839
21973
50355
5407
14724
76724
76720
13977
13978
79581
79582
79278
79270
79276
79277
31332
31339
51402
71044
23423
39124
9897
327
74817
74816
44545
64893
64727
31153
16473
61974
75492
75495
51048
81318
81316
64093
64095
81643
42296
49747
75146
75638
4871
18478
58659
52712
68395
13140
18613
18612
27423
45916
38061
83252
83257
6179
12961
12898
71026
78515
71028
8105
465
1350
26772
26771
39337
70537
8367
61366
61361
61362
53496
28762
47749
65678
77171
77176
43247
4014
19434
72900
65456
52274
14236
35425
73257
24043
27168
38886
38885
86998
46463
75024
49029
87229
48375
57192
75986
42627
42620
10130
9645
9647
28299
57997
29227
21755
49686
71256
26906
77631
86572
68706
26504
41647
3219
84599
41025
84597
40370
40376
67224
29951
14708
58468
62275
47970
76708
59235
59237
35162
5527
79256
72233
30082
23196
44168
6546
6545
6544
87819
87816
27750
48961
16834
73888
74706
76968
14926
73541
33315
14921
8803
19378
61192
6156
84867
69881
65471
6585
7992
51306
75611
73493
79816
11632
58676
27992
62466
36536
36533
53374
80575
85503
84673
54775
48145
48146
39745
15664
19276
15444
79624
39354
50252
34799
14887
404
400
22471
4033
86353
11377
51079
55023
56592
32796
30862
27141
27144
61529
60122
36234
42020
74139
74130
61293
39916
53346
36496
9625
62872
86518
49408
68762
3234
5195
58197
78490
14272
14270
58339
78262
68585
30240
30247
31115
5509
5505
18157
71173
38291
78481
87609
83041
549
23605
48942
87748
59317
59315
87742
7682
73865
23469
10212
2769
32498
8447
72404
31374
31372
146
363
32674
12721
84809
33976
77581
52932
10980
82953
24957
21123
65459
65458
38987
22738
81604
31803
31808
16506
75184
33236
21384
79832
17294
17290
17292
70004
7991
11635
5295
6626
20659
52752
42924
42927
80556
20470
48126
30186
53404
5510
24737
33230
33234
33984
15932
15934
76516
40787
40785
39376
21441
46944
68244
47836
47830
50183
77353
79602
426
77135
77138
21011
51055
89120
88832
51580
51584
75569
80571
23817
65663
42640
60497
80765
69624
53985
42007
42554
42005
42550
6699
52237
82544
16820
16357
16350
7831
61812
61811
6344
6347
6346
6349
26872
9601
9600
40066
46697
46695
27878
75241
48335
4999
80940
80941
37692
3258
68746
44342
79352
421
58318
28534
47781
62238
20045
30513
38761
38760
33693
78746
40848
66426
59375
60281
55493
88991
73592
7556
22287
22286
64830
69511
32803
24978
46197
22755
77656
77655
17508
4504
4503
41942
2088
11659
11650
45948
62422
62420
36575
46990
75937
80022
85013
85015
80025
45756
45755
45752
36467
63086
78247
18417
76682
76683
76686
12730
70972
70976
70974
78028
8019
68481
50219
7784
7782
66307
14681
24366
24363
24361
68261
68264
28708
64868
76539
43229
11339
51037
2949
21584
11484
11482
23838
72046
55689
82561
12682
12687
42576
10825
10823
10820
83810
53166
57137
39952
32135
63656
69302
53987
63437
53306
79973
56881
1825
1820
81031
42108
81035
41883
4970
4971
85739
49993
14053
84289
41085
84282
36900
14943
71145
71146
20028
20020
83554
83552
83882
1985
65781
83089
29398
29399
509
29427
83770
47661
15542
73820
73825
25998
25993
41971
31628
31623
55471
8409
7574
7577
79496
44819
35819
25096
69829
26463
64812
61814
28113
24641
9955
32635
74899
16167
5909
8217
24911
20616
81938
81937
42746
42963
48479
48473
70957
27512
18697
78595
68466
68460
753
752
756
83344
9157
83349
2959
50238
50232
50231
76337
68202
47987
26606
58830
14550
21322
72835
72837
4093
4095
5736
23582
66587
19129
29912
19124
54913
60980
8092
15202
61589
15209
22181
22187
61287
6653
6651
20546
63637
63639
65772
32153
21065
19876
26258
68748
3259
1849
1843
53146
54497
49469
17047
1906
17049
3291
71122
82073
34872
30554
34875
44162
80985
85801
85807
35087
619
76472
8790
30802
30803
73806
73805
39452
55187
58315
35839
9830
61444
69804
10653
4137
34785
38581
35551
7917
51209
32388
16146
51206
16143
56767
79897
16514
17546
85230
85232
57582
65342
69114
64432
45177
45175
18173
85587
75696
6637
42727
187
20941
7354
71334
10274
69745
21542
21546
84364
26797
29875
83327
2978
2973
47857
68229
31295
79335
15992
66878
61613
47310
75101
12502
76864
16555
84966
84965
50615
50611
50613
69476
16337
63964
63963
77733
86938
49662
49663
1864
17689
45549
45545
41842
41843
41840
53126
14018
14014
14011
68058
52611
68050
36419
36411
53693
10487
33333
33332
34811
85770
32022
18206
35065
85822
70854
59645
70858
48756
67283
71101
78418
76458
15506
54248
15505
31668
37101
34107
37287
40530
82396
18302
28482
28486
34267
86037
86035
69868
73684
55436
28150
73426
38907
3059
58395
11505
61137
82483
51227
25798
25794
46173
64418
69139
45485
74367
86257
36083
83218
10070
9215
45155
45156
67053
44283
10298
24045
78086
24042
49342
63394
3554
3552
75010
89075
44467
710
24306
70991
71714
86081
71712
14595
23543
59071
28811
23892
28818
66723
12565
35975
6612
10847
84940
68144
75570
77716
82911
54432
73789
49135
46340
15424
43649
11714
57153
5179
132
81896
81890
134
52670
78203
52260
9689
9685
62723
34836
44614
7256
83828
25628
33312
78430
6580
8207
31641
88918
34162
86179
24515
72171
1508
77525
316
13807
3887
55141
73405
56493
11521
11522
11528
43092
58582
51248
66498
66499
64658
40081
75967
73969
27352
75969
64477
88006
42277
88786
995
9090
17495
2664
48182
79210
44404
11899
11896
11897
14602
76600
70460
83496
30471
78604
78600
28787
30785
27514
81004
730
735
66526
80530
81458
59058
59059
80027
59056
63881
82070
15264
8562
7472
7474
4422
16519
55354
6631
88767
84927
61217
65242
65718
75556
81257
2329
65590
1293
17393
43667
60294
19895
60036
2315
64048
53380
53381
53386
53387
80128
45671
20777
7271
8557
15720
48797
41117
10554
10553
70811
71408
78459
54384
30645
30642
28528
52322
38770
47406
67353
86199
86195
14413
28370
11171
58511
1561
1562
1567
88979
35090
38848
60145
54244
38341
50230
51263
82440
25065
82994
57294
12014
10709
9256
53732
24881
21614
65509
49563
69178
62368
44241
44240
22874
54174
41560
87108
29764
68824
1009
22959
83095
76889
8545
65882
31900
74488
74489
4627
72165
51100
52103
20886
62500
11991
80107
85423
45654
72450
59959
30627
83289
40080
54275
24555
8713
8714
79702
79703
77560
55103
55101
85998
62142
23266
82429
72908
56455
32071
55817
60009
12037
64613
81198
9505
81998
70138
10768
53978
21294
54997
18898
54999
54198
61762
72894
38194
49083
72095
59012
30294
15113
79514
79519
79518
46860
72023
33765
28659
75516
69693
4749
17604
13518
2188
13512
54429
2799
38367
51121
15868
6183
45322
63789
80388
16914
80385
48963
63525
10511
33031
39955
49785
86409
67316
63651
4198
31319
38388
54170
83294
23719
23715
33501
87432
73600
56780
56788
2535
58031
68139
75095
67106
59785
59788
57926
71575
65927
33571
59564
26990
77937
7141
71797
8052
8056
78897
14408
24748
28898
74913
43313
86264
65041
55668
55667
55664
32910
51321
77712
32347
30652
85469
85462
16682
75791
42196
14945
88566
33370
57928
63776
40266
63771
48480
33310
49845
59191
67885
28280
72687
27021
82174
81894
56410
56419
218
88085
77479
21850
49502
75303
11474
11470
11479
58018
58016
46887
31430
25192
80287
14826
71899
87259
48017
44487
508
76026
83773
59503
33566
78173
30032
26643
50305
2309
6785
77041
77040
4786
32938
71915
59729
23968
61447
9676
61295
65791
11062
69070
74245
17899
10333
10330
39842
10336
70091
21334
855
22978
22977
71949
88034
15811
89115
78542
71054
28445
18675
16390
83995
89040
50532
40249
23206
66004
71335
80938
32896
49902
19462
72553
30699
56439
22402
81135
82805
3669
67071
2579
1662
4439
973
36734
87276
40639
59740
53667
18522
30584
29188
49921
46712
82914
5597
69796
79201
79209
11206
32956
32954
32955
2699
54418
23944
76916
82633
51982
42405
8693
14658
10319
59621
63763
52203
60092
64539
69058
63542
21319
21316
56976
22958
56978
4594
71698
71929
80890
53155
62493
62635
3047
20375
20374
36164
41710
6452
86294
55098
17668
55543
22135
60396
60398
38650
36711
49010
80795
80427
46591
68834
10451
9678
507
71263
21762
8906
37623
84545
1663
67251
77229
73767
33461
3260
72907
68896
82302
42747
39138
42465
70779
12753
56374
63703
63704
12284
42284
22931
14952
31244
71423
58623
71426
28015
52709
60610
10596
27437
83227
83223
83228
21523
85971
47779
79672
455
63357
15416
8372
61176
77146
77143
86309
77149
43257
4003
43251
19425
57700
11418
14224
4289
38894
52066
46020
80525
42618
42616
42614
59871
22939
54936
79859
26918
1640
68719
40346
67231
67237
18292
19261
68575
14732
30275
35171
72290
42605
51414
51413
355
9664
9882
12775
12778
81320
21353
46928
11607
11600
58865
66589
20403
48157
67007
50543
68963
50013
71031
8173
8175
86752
76021
34788
88804
77384
67912
3199
22468
22463
22460
13735
86364
43274
32529
3998
19407
56587
52268
52267
60356
35432
1657
65875
56055
69379
25445
25447
7861
47883
39921
61586
53605
10414
53608
63440
16684
37006
37004
62868
86568
86569
49415
80973
558
40365
29961
550
54376
54377
68597
30259
30520
5535
5102
51478
23615
48952
48957
29615
77893
377
8110
3204
64845
46495
42938
42934
79826
79822
20402
7989
34165
58846
11975
27965
60650
80562
71636
71634
54747
33999
33998
12481
30752
40790
39345
50242
59584
69970
86347
61351
51591
61358
61535
61537
65670
53999
80770
49873
61825
29296
57307
36953
63469
63463
14882
45266
41210
85707
26958
14083
49438
43255
45708
54358
51086
19422
34881
5515
79288
79280
79284
536
29906
47307
66416
25961
6511
6514
8452
72475
8709
39155
76206
19345
52901
25639
25633
72279
24948
38990
86889
2219
86880
84848
25097
11643
52762
9287
18421
54506
76698
76690
76341
10207
10200
30771
14690
24376
68251
47532
67958
47797
79340
73116
11340
11343
89139
89133
29888
76838
27133
46937
74475
49745
82576
12690
82578
16369
63403
63400
63401
49451
58144
58499
20057
10613
31289
87657
83098
29438
622
8793
29651
24174
58878
8478
3118
50038
50528
50525
88676
9658
26450
24633
65318
49692
26184
77666
26180
77661
77668
2091
85260
27927
81925
74310
42752
46235
42978
46239
44581
33151
63882
80916
30714
47801
1644
40374
11061
79367
72667
89119
23829
27117
67238
42561
55690
40618
28826
7803
32149
32148
6399
81705
26249
80193
2170
2175
2178
81020
68062
32887
83562
87679
79791
79792
59347
26882
31630
72300
78824
50544
61456
61105
26470
69817
24958
14677
32449
22764
22769
82907
31858
55229
60501
74335
42735
87088
20484
7341
62901
33175
63363
64874
18688
49861
50229
2942
65345
68211
14560
24486
79302
21232
61664
71431
6660
52888
16328
52080
53137
81045
54483
54487
13215
36395
51090
9885
55774
29475
57818
9581
40812
37111
37119
34130
44842
44846
23161
23163
23165
31870
11516
27099
56779
56770
82252
24925
45494
80079
74351
36894
33113
33115
33114
71321
42860
24072
21553
37273
2960
21547
79146
62383
13007
14588
14580
72809
15987
66800
51515
42599
59067
27662
28805
28800
28809
87929
15234
15233
73176
77188
74181
46926
56567
50606
50605
50603
69465
74906
77231
10482
46354
42385
49123
17690
56388
4926
41875
58127
58123
35674
49073
55785
36666
78947
31959
41651
84433
40837
15537
6595
35051
59479
88925
19024
33462
40528
77795
39688
32902
63100
73699
26432
38311
11530
82496
85208
46162
46168
26347
39798
63012
1990
87000
52517
70472
47633
31242
31795
31794
31796
18069
148
28797
33863
52175
79695
83315
66701
88593
35967
31425
7408
51398
88771
69442
52845
24734
60979
22064
86940
69623
77708
77709
46622
60289
60288
11705
52577
63485
63488
63489
44667
54447
48761
18906
30654
59908
8216
76135
35088
13810
28162
18562
55172
35227
65172
35223
35550
60562
16333
27364
63619
63618
56775
6015
9265
26018
48213
68146
2677
18595
82257
26846
70496
86418
61779
31227
31229
8554
50937
84910
10899
10897
24714
69391
74499
74356
17389
68860
20741
60007
60006
100
107
74238
45667
41341
41340
41343
9893
41692
41697
20797
78448
49789
8837
54394
30630
59927
68603
29589
14404
1578
78112
50896
10711
60352
65890
5624
73479
23273
22271
25059
25052
51853
81185
57408
57401
45473
44782
24098
75067
75064
78530
70657
54985
62892
27814
17835
44434
68833
2968
64527
10509
52805
82417
13991
60931
22024
73045
77749
55637
5371
2192
82407
52116
52117
52110
64031
21520
12214
54400
6228
12218
10502
24173
62799
84492
68337
58674
54270
70711
86484
55660
45949
1920
55139
55131
35268
55797
55796
56444
16738
49550
49082
45413
2503
58043
52560
38570
87280
21648
48062
48060
87137
29754
29281
46174
31778
42375
80636
23066
28082
47222
7801
66550
22626
65050
85466
24756
23311
28663
75502
552
5818
5812
13500
23933
64011
140
52170
16696
53082
10525
10529
45331
45333
83140
34338
55344
89039
8184
82413
6740
32592
352
67215
83052
19924
204
77464
56791
77463
75315
75312
81724
58025
68128
8272
68120
25188
33719
58793
58794
22739
41532
27584
29736
39605
72067
68870
62228
59511
59514
33575
46607
37658
30007
46606
8063
40661
2895
2894
85225
1101
77252
26511
78579
77781
77789
78345
89207
65038
27209
89140
12780
36882
7978
21182
52155
70318
21326
21450
63511
80865
1581
80868
71953
71045
28473
54006
20323
83980
30005
55360
23748
66070
30009
12411
12412
12415
59232
78910
78912
78919
82296
10299
73494
12068
88096
69028
50443
46822
52520
36723
60436
13334
36668
9550
30749
48390
80473
29710
29711
57973
57975
29717
37090
34278
47062
66265
66264
66269
68852
28043
31194
35074
32941
51370
32947
32949
23685
76907
61289
80660
80667
80669
61832
52313
10307
44314
72163
56962
56969
5210
62481
51318
69917
45955
66902
41703
17753
87058
53297
87466
87467
15422
72564
8325
9911
24479
77476
55889
61540
61542
4055
3616
51508
5777
60147
20152
62810
34944
81809
29266
54274
54272
34256
28814
74999
30040
29993
24269
47937
31094
64968
72020
76843
72028
31315
35342
32967
51356
62266
82316
39833
16186
56365
7282
7937
7936
7938
21140
52197
17140
33223
39692
21367
38477
2008
4583
4582
71912
62269
60609
68761
17915
27404
40017
11537
12987
29529
445
8698
15409
21325
28929
73185
19457
75809
81783
81785
19235
4465
4463
49006
41268
41266
36182
59861
21773
52515
68725
21792
67718
67711
50359
14728
56393
77890
37084
79273
31157
25641
23424
81394
77092
77093
74540
76792
32323
84847
89155
57150
16474
16471
21162
75494
46935
75639
2796
13142
60626
60624
37660
18618
20434
27424
67011
83253
68973
68974
79644
462
59291
8361
34777
53498
55771
55772
55775
51095
51099
35428
65627
42041
1448
42597
45210
57191
42621
47722
31237
70703
57999
39682
33064
3215
3217
84593
84592
84264
2814
35164
59233
72286
72289
51468
6540
70477
17291
42457
78435
69880
43377
61993
61991
8209
77618
81622
72546
56901
75617
58672
57302
62467
63591
54779
33217
33214
48143
83277
31642
15669
15667
18636
39355
77374
23297
23296
60344
73273
32794
75843
85195
7857
85198
72174
61837
61831
10401
53349
32872
14891
86516
80969
3237
74615
78496
78491
58338
30244
31116
83043
67206
87744
7689
32497
72407
72401
72402
31426
31371
69576
52931
65325
65324
75454
51396
46202
79831
79834
41964
75677
36724
57079
60663
33452
30187
12928
76519
40789
48648
77357
9997
79601
72879
66895
55006
8258
27127
74110
75867
82547
27877
12110
56066
56069
9607
37564
37569
4997
45256
80945
86534
86533
59804
71163
29713
29914
1238
27713
6500
23486
50049
35691
50046
50040
52918
52919
60861
69516
26440
43541
77659
43545
1
28440
4505
41941
2089
85275
85273
60686
80028
46221
53793
51335
63088
59141
83361
14682
8017
68266
79191
77335
73108
77486
77480
89103
43226
11486
76824
65330
68856
55687
38526
36688
16372
32915
56885
1821
1823
2419
1925
41107
84281
84280
70767
70761
14944
14940
71416
14239
5484
58377
58375
34855
36633
52132
48717
48716
41620
59687
29428
29425
87704
77817
50530
26467
24640
28119
28118
31095
71731
30656
32636
31093
62911
25206
52763
48478
48476
48477
71316
1570
63352
63354
68467
755
50233
49077
68204
3108
14555
72831
50499
80544
23585
66856
80013
88872
47128
35351
69496
69493
32157
26253
63187
75756
56293
2160
54496
13202
58359
18200
618
616
617
50001
87989
65168
87980
87985
87986
35958
4437
32430
38927
38766
51750
56764
60530
85235
85238
24939
82249
25224
45710
15921
7357
7358
9058
37261
20492
68441
68447
779
42974
5364
2980
33834
79336
29913
3120
29910
34461
66879
61610
15193
66702
74643
47149
66428
51698
82038
15224
76867
76865
39245
16553
2832
16330
19856
59746
27865
77737
11325
69618
26236
69616
42399
42398
57170
2105
5111
54478
20799
20798
36417
76521
33334
33336
62706
35767
48750
33763
71109
88017
70338
79715
34103
72373
23172
23171
88688
84226
55437
81683
23795
25025
25793
82265
46289
2648
10076
70196
22281
44287
46826
63397
63391
68420
68426
69164
69161
69510
54289
13011
71715
76591
76594
59070
28053
32389
23894
66727
25156
50900
7410
7416
35970
55376
6615
12198
84680
77711
2343
49649
49646
31827
13575
54456
52671
139
52674
36470
60765
9684
62724
45838
48511
45837
83539
80325
41649
29446
59447
32121
88917
67800
14436
14432
32407
72172
32886
30648
64657
69154
32031
53168
7398
2946
44267
42854
42853
38525
75031
48181
48184
76608
70467
31788
28788
17809
30788
29832
736
81003
29169
77952
8569
16513
16040
77501
56550
69438
53791
65246
21002
23440
49450
2320
31928
3767
17399
1297
17026
64049
36322
87317
42387
7276
48798
8559
18916
18261
59934
30640
1744
40579
58513
58510
84360
58366
1566
78167
38342
49560
68262
26566
24709
59731
396
19279
43462
59647
60015
60010
60012
60013
48559
57080
57088
77806
15875
10570
18931
59955
89102
33247
24556
50083
58530
79706
79705
44805
77561
77562
66971
50039
82425
25044
12039
64611
32600
45466
3685
81999
64922
75072
75073
20272
20274
1156
1153
30293
65064
26421
82139
63251
59971
66955
6436
21650
2539
2533
70113
14665
22134
31764
53641
31763
78114
78110
28098
77241
24746
58529
51496
65049
52485
13835
80647
16689
2703
42195
71141
71962
68654
79646
31027
35070
22177
22178
3649
58014
24359
83415
83414
83412
41051
78356
79187
78171
28612
65971
49262
21446
87064
89041
9818
62602
19463
9909
46711
21837
67072
5033
48382
59521
83863
57087
50366
24256
1460
24782
1404
43352
51361
61051
8696
52324
80097
21315
70523
70529
87045
87046
25968
48839
60399
24867
12166
46590
29219
33033
50088
24550
1660
67252
83014
14477
5126
11220
51348
82306
56947
81653
19234
18486
58870
48178
81021
81795
51887
38896
2952
42619
49696
2802
2806
14733
30271
46585
27744
28279
25676
3106
60582
57045
44074
46875
81005
7081
8398
22461
35433
65874
4191
63448
49944
30525
35152
76541
77233
77891
55244
46497
80563
6461
70907
59132
34768
29574
30754
40793
72621
8100
7846
68755
68023
58300
48936
39158
75640
41970
17512
58356
26607
36562
63716
54507
51322
30900
43230
8901
28381
72455
55464
29236
26183
73485
64555
52846
72669
89117
19130
23356
23822
8080
44317
19867
26241
46501
4969
2179
49470
36911
71131
38925
9670
20037
68684
68683
16541
39449
31639
50548
88653
55231
32446
55234
55239
16176
81903
85020
58013
83979
7342
30489
63365
29082
68470
78951
24337
31287
66867
28825
21050
52083
52081
75748
4946
41858
4949
81048
72089
17052
71914
44626
76465
72490
50569
81698
65177
25032
65352
33112
24074
68188
45724
79144
68231
5373
47150
15321
77183
75589
45552
43651
13643
83835
41121
18258
18214
59478
54547
88927
19025
19026
3095
51807
77794
31092
51720
88698
69149
69145
40194
40198
33307
20998
11698
33868
86944
1459
82069
24733
81264
77707
20508
44666
80357
80356
33302
31659
64445
68412
2678
17811
23538
66516
8555
60651
55348
22665
74236
21292
80117
10383
6207
83290
59924
29587
73268
1579
65891
77570
66989
39690
21608
58068
62890
36165
52157
38183
11
2264
87680
74927
43459
3754
16904
6227
76588
40094
8707
35263
80570
223
81162
63078
49080
81702
52569
84532
83278
77903
31773
79501
28665
554
4772
35673
77010
43301
43306
52547
16965
10528
30746
71976
5251
5254
31880
14333
10851
35242
19255
11468
59231
68121
5396
58792
23613
23610
70789
83398
83392
78342
68874
27583
37657
40662
73007
51315
56637
65783
81807
87818
46658
2776
7977
70319
62109
54009
83989
30006
27121
82165
82169
78917
88895
72542
8308
56405
73942
87597
75336
46828
48395
48028
54250
1692
33598
33597
11599
29
76902
85199
65908
61286
61285
61283
70993
10900
39857
6738
35657
18308
64780
41701
28902
30907
8322
55885
77422
36701
24815
62369
85179
53670
16592
49939
84225
73779
28002
11210
7979
44048
29526
72583
942
41267
39831
37050
77230
77896
16613
28472
22590
89150
54005
11361
75498
75497
87077
57036
52716
52714
68393
45917
29016
29018
69574
63499
63498
28941
26344
77174
73255
52018
46460
1638
49970
54366
62277
68567
68569
62278
31134
35163
31133
35161
72282
72287
23990
51307
5297
79625
61343
88366
8380
67968
32795
51617
11151
36230
53344
10409
62875
86517
14271
58330
83047
59314
59318
32494
39238
17136
21386
46207
52753
74627
73830
14514
424
51057
80766
3040
49846
77355
53365
84005
48339
86536
40846
72463
50047
43543
52663
85019
53391
53794
53790
78248
54511
70978
21505
12733
68482
83363
8015
43228
27120
11485
41884
70769
70768
70762
58378
58379
20023
8260
29643
86564
9812
32899
13411
28789
42967
48472
65014
70955
70956
68461
1025
1029
47985
47122
26250
81230
1905
71121
36650
11695
46159
81915
183
53466
53463
53469
29879
62391
19542
29911
19540
61615
15227
39241
39240
65392
18263
50614
50616
57399
33337
67281
31663
34105
84880
81682
53149
54287
26449
87815
23897
6613
1467
2345
57620
57151
7258
33314
14923
14298
34340
31646
66884
43097
65122
32030
2666
48186
14608
48764
20181
71732
23525
47983
88301
7471
55355
65245
43408
117
7279
80341
41110
78911
1740
58363
35091
41298
19394
20154
84692
82445
15556
86220
74484
89100
31714
71512
28655
12688
30631
21433
32969
6754
51427
2534
75096
33720
44208
71578
47699
53233
9717
71417
71137
67552
30958
19487
50016
73480
21673
81156
80464
39645
52300
22973
5031
7104
31726
53272
56974
67225
19990
56010
29599
79598
25909
82304
14954
32753
27439
60164
57701
87233
18875
78198
44310
12420
64869
44075
47750
42584
86566
35155
5536
88142
43214
19825
9343
44689
62225
1552
6519
55265
21138
69878
34534
9288
10201
24332
3243
58364
42293
72452
21749
27925
62432
81928
49555
76327
8667
63649
70778
48709
26883
31637
88654
11688
24159
63361
83350
24333
3117
16329
81046
54484
57810
44849
69898
85594
70188
9945
40711
78638
65727
16205
47851
36408
41650
14717
74370
31797
15251
84930
19885
32024
4676
88899
6011
9264
12804
81400
41699
15867
72387
72033
87960
81761
81767
76589
62798
47033
46506
43300
53881
14992
67549
15310
57224
85646
68129
33715
68786
31715
50449
4797
42361
52840
44289
78087
68427
27872
46455
32946
39854
72167
71684
62480
19217
55884
46707
30227
14742
12746
56368
38473
70532
1085
29030
73987
33007
83000
76055
64894
2790
8103
8369
71257
36415
3921
33216
12496
52254
36235
4983
67209
52750
4755
38176
72659
25140
19833
16358
30515
62239
78744
10824
10822
52216
77645
70766
71143
48710
87705
87096
78599
83341
72836
23583
2405
75321
68071
30555
13812
4138
38928
5370
7359
68448
54110
3121
15226
39249
16889
79939
78375
71107
88689
73688
10295
51503
46345
54458
39415
18915
58580
79472
65389
38524
23523
77953
84928
60968
1295
19437
66999
86229
78477
35218
32073
57414
40621
84596
31949
29645
59197
52550
44772
69071
23355
28582
29805
68714
48150
54937
3688
70905
68859
76691
68256
17833
16118
14542
85668
32907
70772
59698
31144
33174
23373
4941
38184
45490
77792
86942
56486
10867
51469
30797
9386
80078
38408
51851
87981
44453
79631
13523
77847
56640
59065
57424
82484
38808
65967
21451
72025
56360
85967
67719
31135
16672
7998
61521
78498
86941
37568
78747
4501
80531
65499
80517
6899
613
38926
50618
40825
51504
61099
60949
30905
30644
44429
79995
75304
23698
19461
1936
37559
34410
53993
61665
85833
8254
30918
51233
51238
39810
72385
2695
80829
2971
43451
58125
51290
74069
57207
48021
65786
87261
72029
51358
19459
46587
25277
60109
44688
36550
65668
18174
48389
74474
8376
11606
67918
55263
46212
70983
84862
10504
341
65470
53614
25008
66008
55232
84600
13321
88594
41288
51270
38847
66515
70911
24172
