34820
34822
10247
43016
62466
34477
63504
53268
57365
45079
22552
27652
24603
6055
22559
65568
57377
32803
63526
40
4137
36907
12334
41007
20532
2101
38971
4158
49216
16451
53316
53320
53321
22605
2127
8275
57433
55387
16476
47200
97
26724
18533
49254
28779
8301
6254
32881
41074
34931
2168
18452
67706
45181
30846
14357
43136
63618
41092
24711
8329
53387
61580
59533
55442
55443
24725
4248
47263
57506
12457
65707
67757
20655
30896
41137
5491
49332
26805
55479
28857
30908
10431
53444
22726
37063
37066
65338
35021
2254
22735
35025
67619
6622
63707
8414
10278
59626
16619
67820
67282
60797
240
12530
35060
6185
4344
47357
45319
49418
33036
10509
53520
28950
10969
33431
24863
5471
26913
57635
12580
14726
28966
6439
24872
4394
16685
61742
16687
57648
16689
43318
59703
24888
63805
6463
37185
2371
28997
57295
50913
45385
50231
57678
43345
35154
67925
11059
26970
51548
67933
53601
49509
10598
10641
45417
63850
22895
2416
16753
2110
55319
24959
20864
43393
388
49541
61830
9281
49548
59789
6543
49553
14742
14745
41028
67996
10654
10655
6561
10659
12715
57772
45485
10532
22961
29106
40691
4533
47542
55735
31160
25019
37313
63938
54843
2508
39378
45523
6614
31195
57820
61918
8672
45539
35300
15441
66300
23018
47869
31219
61942
6648
55802
61950
12799
20994
43435
41477
25095
35336
39434
18956
33293
37390
6671
37393
8722
10772
43541
16926
64031
64034
10787
61988
27174
31271
37417
6578
41518
25137
10803
12855
10809
14906
55867
22282
62015
45632
23106
12867
51783
16975
440
6738
21075
19030
57947
62044
59998
14945
64100
64107
68204
25197
56765
6769
56083
41588
45692
66173
51840
47747
62085
62086
66183
31852
17035
65168
49805
31376
8851
34926
58006
12951
10908
25249
37538
53925
53926
17066
58028
58030
2737
49842
58035
6836
45749
53942
702
47814
29383
58063
64208
41687
68312
4825
68315
68316
47226
45920
68323
58086
49908
47861
51327
54012
29437
768
15108
66689
777
33548
4878
31503
51985
49939
37660
49951
47907
13093
49958
31529
27434
39723
45869
43822
68400
39731
21301
45878
60216
54076
26997
6975
11074
13451
5942
9030
19275
11084
13133
54094
2895
35665
43867
15197
21342
41823
4960
25442
45924
56167
54129
49299
643
2934
4983
15224
56185
35707
59882
45205
58240
45953
48002
21380
60295
66440
7049
47085
68498
42819
37780
15253
48022
58267
25502
23457
54178
931
5029
41896
66474
43948
31668
31670
11192
23485
56256
27587
7108
1185
37835
9167
50130
41940
52184
31705
17370
33755
64477
43999
7136
48098
42491
44007
44540
3051
60403
9207
39935
13314
7172
50182
52237
19470
39085
3088
31761
56343
58395
68636
60445
62494
13353
39984
66739
62302
25655
19512
59366
23610
46139
31807
54112
5187
9285
48198
21575
3150
40015
50360
29778
48212
66664
62554
17499
27742
68711
15464
64620
40047
29808
68727
15487
68737
60546
23687
11403
17555
50324
50330
5277
3233
3234
60580
21669
36010
42162
36019
5303
56504
64697
38074
60618
54465
25795
27849
56522
1227
62668
51405
5338
5339
58588
5342
42533
13179
63697
3306
51751
27888
58613
42230
12841
64383
25856
19714
38150
36103
46344
46346
3342
36112
46357
19734
48411
54556
66778
48414
64352
25820
64813
58965
60720
5426
48437
42294
17289
32056
38203
30012
46402
36163
54596
52419
39803
58702
11599
13648
32081
6251
66903
66906
56667
23901
34142
3423
13664
54626
19811
60775
62824
46443
5486
28019
66932
64063
5501
49045
56704
57920
3465
54666
11660
46478
7573
50586
42399
13728
1441
29595
7590
32171
28083
67001
48570
60861
60869
64971
50637
30160
63736
52690
11734
64988
6392
52702
7648
44515
15223
36775
48624
58280
40435
17911
52820
18259
24059
40444
60926
28159
19712
1539
60933
68656
16009
11180
15618
32271
5649
67091
24086
48666
5660
58914
27910
46630
32718
32302
28209
58935
7737
50747
1598
39402
32324
11850
1613
38480
23480
48724
34288
9815
65114
61020
34399
7780
46695
58987
28268
40559
24178
56948
34421
36472
46718
48405
29291
27926
49151
26220
18063
63120
52883
36500
30359
32408
3737
50842
3125
65183
28320
46759
36522
22189
27676
58653
63156
16053
47049
55924
52922
36540
18109
11969
46786
28356
3788
46798
32465
26322
48851
65237
38614
35108
61147
32481
5858
24870
60678
24295
63216
1778
20211
40698
40700
63786
48895
22275
30468
48901
46854
48903
28426
40579
7470
26394
50972
59169
30498
7974
47409
10024
34605
59190
46903
32570
12096
34627
22838
10054
24394
68735
17793
18258
44883
59220
12117
55126
67415
26461
14176
16016
40803
66349
46950
5436
65387
34672
51859
55161
59260
67453
21141
59264
38785
44934
65857
38892
61323
1932
26511
39004
3989
14231
6041
11930
44392
38821
53159
50205
38826
24492
49069
4014
42653
44977
49074
57273
30367
40894
44992
10256
6090
12235
53196
21154
65486
59343
60134
12242
22483
51160
28633
55259
61407
34787
26596
43686
2022
22865
65516
65517
24558
34803
57332
20471
10233
24571
8188
6142
39253
35236
51268
51266
22264
61170
48891
55610
56120
55835
32017
19974
51848
22482
12015
12016
52463
26398
57473
65505
65506
49563
26021
5983
45446
64908
64909
68179
38500
38507
3511
68175
68280
58211
68288
30411
13052
44427
67108
67101
29761
1174
1171
23055
23054
44370
65880
8012
7455
26629
66505
50416
50415
65086
65088
55625
10882
26563
24706
24702
4621
11759
63901
175
49174
21937
42330
16933
12227
273
6210
6814
29373
10574
53506
49794
37303
58286
3873
1765
40221
29599
37295
50084
28421
14476
34305
51036
38365
22247
19031
53736
44831
49301
9969
16728
51825
19917
49566
9500
49543
49092
45466
45461
3682
26042
42814
68111
64452
14642
58231
18541
62313
20279
29292
47238
23072
30291
29129
8031
8527
35910
49304
66561
22652
22386
28656
28651
24765
6201
56663
60251
30887
23923
51121
64553
159
52695
25569
2729
41167
39807
10375
36581
9775
10515
8869
41378
67577
67572
5263
68631
14456
33957
21089
28406
30600
15587
34989
8733
35059
55129
23245
59205
8193
6435
39383
39381
55787
56473
32054
25717
43783
49369
2537
46534
17164
17162
53777
36772
33726
33090
33093
62335
44753
33543
33545
48076
27822
48073
40924
15135
39555
37647
8509
34519
2882
26661
7491
26665
28090
23013
66542
22632
24748
40674
51498
55667
17378
65223
27218
64577
20845
9170
12268
12267
52149
53540
53238
42995
63508
42999
22990
48262
20599
10927
10926
44567
26850
40041
68302
68651
1724
40262
33973
14304
18350
45963
3315
38011
20338
17961
66939
39202
31024
5659
67887
28284
28286
27024
47064
19488
9920
9925
50159
6088
65562
64960
17141
14823
58902
41270
40906
37442
39534
37887
8077
26646
26645
40675
26641
50302
68510
1116
1118
47901
22613
22342
31907
4783
5829
11265
11264
45024
56623
51161
61292
190
9154
9156
10337
2765
35376
20820
38127
3934
54042
17940
14490
38038
11185
66662
1306
1301
12402
6472
12400
19469
6717
55520
22152
26311
25750
21834
11458
17431
4436
64183
53915
21934
42486
40909
62370
48387
46572
48031
10474
63171
30584
29181
31729
49929
18786
67273
34001
40656
14774
24259
24780
24783
5597
39264
31984
35606
50581
19073
31840
14653
51984
51989
56602
52986
7924
7295
53058
57004
60094
26122
32638
57885
10576
17596
56970
2038
24144
36071
37292
37293
38055
38057
66641
1099
29515
47714
47712
15343
6902
27064
7736
35037
55095
39095
61556
45194
22133
58685
19224
32749
17100
56014
56010
60171
24866
48634
16853
44736
41011
9675
57942
10108
39659
53649
21762
54915
30217
7127
37626
68734
67701
4070
47943
41432
7743
30073
47364
11224
51348
51438
25902
65284
42466
21157
42287
22932
38465
38466
8025
14103
58622
10597
27436
47884
40289
30545
1344
47775
66624
61391
67935
22441
65634
13717
43700
55707
3624
60374
11410
51661
17470
38891
60110
4476
42074
49031
20163
48343
20166
36192
12143
46909
59870
36998
9301
10437
37025
11040
40346
40345
67230
29941
18297
68571
58474
18120
2010
34596
8586
31328
23633
48976
48973
25929
22327
23453
55639
9884
39115
42444
22589
10957
19904
21178
63721
24986
31633
46251
63584
52491
22916
2784
8979
55811
11958
11953
68385
9790
36523
36033
33200
14381
48409
20409
41759
6495
15388
6948
50736
26767
66603
8391
24408
47752
3191
28971
22462
43272
19159
32838
49544
32833
56583
56581
56586
56237
51604
290
56059
36209
42582
46001
42581
2442
64298
39924
16816
6379
12121
63113
9321
37008
37003
40187
49948
58189
58188
1627
3200
554
28001
24231
3348
62245
68597
1195
4255
66167
66165
23618
51477
27764
16570
23477
457
7522
50073
39174
51294
51293
12718
10978
60839
43517
56247
42935
56910
50288
64332
27967
17755
34948
20394
39773
7322
10087
10081
15678
63303
7060
37947
37944
12487
34417
47515
9983
43978
414
66882
32814
35455
60481
36228
36223
46064
61826
52024
36481
14888
68024
68027
59836
45081
49460
44350
5477
58301
62227
18165
18168
5511
5510
3035
66144
6517
35133
35135
29635
39483
50052
35867
55266
19615
65199
65193
65197
60810
56685
10991
36927
41973
41977
25092
25091
64720
52762
37380
52769
42770
27499
11913
18424
33426
7048
21539
63322
63328
37963
68251
47822
50192
28240
11008
38142
13705
51028
5702
61333
61336
23801
27133
27135
25406
16584
21895
39960
2469
21093
19808
17182
49181
63407
14068
49455
3249
59819
1481
58365
40147
11047
13496
29928
47677
23124
15005
27723
59361
25982
32461
44805
17948
31383
61475
19324
22298
10430
60872
46186
22743
43004
31835
31832
17575
13408
24967
17796
46983
46237
42207
45766
20935
45983
53784
7361
7367
33158
33151
10225
54785
1035
17915
14546
8660
8661
38124
55079
19133
61648
60999
47116
28847
23825
23829
65814
22198
6647
52208
10815
7806
57125
21076
21073
6397
64142
2394
63423
46852
1854
2177
4965
1931
53844
13239
13234
7233
37392
58348
20039
34849
20030
36626
15792
1202
8271
34669
67851
8411
44820
22502
61101
26478
6481
32440
38955
65379
18550
31851
51763
5914
38484
17554
10512
13426
13425
4550
11683
64426
20623
16796
20484
7346
10790
13432
54818
30481
63366
53450
9026
33284
37259
67626
67620
24333
5357
5421
18024
37871
34476
50483
5745
25823
15212
42500
12655
12654
16320
61844
64168
46377
4944
45574
53132
52622
68041
13214
14324
14979
38730
38734
34869
354
47458
6865
1268
8253
666
15518
15510
34397
39469
31612
9230
52628
34646
34649
34138
67872
50568
44842
23169
66476
41465
61129
61433
35736
28128
51962
46419
14975
51679
45142
16046
36899
9227
9220
12359
12357
63385
63380
3545
68457
3542
17329
2964
24315
24314
5379
58733
51512
23717
5764
67465
23319
15238
35725
50970
63522
42521
10857
10852
58493
60956
63585
65727
43430
49658
56388
4690
45556
52498
11720
58120
17075
53801
9691
14919
58386
48299
31296
44600
41127
59651
29326
57830
59471
30836
11957
44862
40528
39031
22237
17950
4104
26437
52728
24697
55158
3892
3890
56872
37031
51235
11535
61416
51720
56712
64640
46160
35119
27340
27343
25273
64394
39791
2658
10064
45904
51569
45121
45123
45128
10282
49356
17486
18656
48192
40737
31249
31240
66829
66288
66821
66820
29214
22568
34566
39239
39231
40370
50623
4719
25481
46338
41817
4674
60751
60758
53825
58462
1182
34827
36682
10541
10549
10548
42538
37482
33650
18279
37332
15089
15083
59908
37152
47410
14427
58507
11141
14429
1511
38089
24856
56482
11557
43080
51707
26766
16330
56150
16269
52477
57466
53707
10732
10045
24117
58888
58887
64447
45107
9082
9081
22869
3500
38656
36148
33847
33512
62074
17817
3175
720
66518
66513
41522
25844
28759
65891
67149
7463
65091
52860
22664
26574
50644
31913
31911
3773
4654
41830
57612
51110
17030
20748
46311
45666
45663
45844
16921
7268
44646
54424
9746
53514
57878
31760
59928
59925
68604
40564
50090
14406
8502
55119
35204
13874
5997
5999
43864
11755
45778
57262
249
16711
22495
62708
26381
50326
9533
50323
24894
24897
44787
46879
68161
46876
53722
54988
17838
62099
1141
23514
59553
31209
8026
50406
50400
26630
7449
66575
60935
22026
65213
383
5873
32254
56677
17634
3754
13527
2198
57673
51138
52116
60061
4763
42329
42325
49143
46660
45863
9186
57052
16907
7201
6227
15843
15845
29342
21411
805
8854
40092
39478
18453
40231
19740
28439
14461
11106
58546
30610
19747
50878
19921
35042
38374
52364
23701
12459
12458
25702
39020
16733
57794
32067
21625
64950
36768
36767
14851
54218
18885
18882
38615
21747
30420
48413
18778
20289
67173
29750
40937
29134
34503
67790
42378
61796
26530
52827
50684
28880
61247
4770
54375
19028
55655
32905
51332
56305
60268
57656
65940
64011
20877
53088
9169
53086
37953
18634
8875
8878
21477
44577
26847
44572
67092
12639
36637
68317
3094
15826
56561
18342
18348
8727
66941
35063
13872
35067
4186
34191
47074
48868
3905
35247
35244
50149
16206
8888
37343
65553
12829
5063
17405
68125
60453
9570
36290
924
5390
14831
5399
33715
41537
41534
29732
9390
61745
34298
39548
34071
40666
40663
50332
23000
22353
43361
4793
32928
64787
61262
65786
30589
28461
21988
4892
9494
6266
42186
12258
20853
20859
21326
41320
55936
26860
55934
40272
6499
59986
31525
47580
40584
31023
47725
23743
28292
6466
50786
3922
3925
8307
39069
9930
32719
16775
12067
43801
24832
49516
11443
11442
57758
38823
20130
44762
23733
46894
29715
54255
26650
26654
14762
15304
28042
28594
47911
13937
4223
5581
51374
23680
65017
61069
65013
56916
60885
25684
23970
27260
19684
32368
42341
42342
42431
52313
56344
10653
7912
48251
44029
44022
10406
33617
13105
37286
14481
28451
3050
40077
67052
29509
47703
66019
66017
28900
48823
12439
31502
35026
31059
21736
34735
50109
35280
55558
52506
38847
962
36255
969
46703
20152
59730
21858
27896
27891
27893
39647
1616
8911
33029
54271
15168
59089
59081
37616
1673
67268
40625
58424
24263
24260
5567
31312
31319
305
11212
11219
51355
27799
36383
12749
10677
9451
57542
20810
46919
49726
2009
18498
11986
10580
18671
18675
62604
62609
40014
47896
47541
12981
67383
442
1337
15402
59276
8125
8123
26756
30
50295
61381
2891
48674
22121
43733
13769
43739
3965
5799
19983
55570
51659
56008
942
49001
42067
36180
44721
59861
29205
10445
10115
37058
37059
62837
35703
7133
6562
7135
46616
1653
2834
28553
30205
30200
38253
5544
47374
4918
23420
23422
16610
55963
10943
1590
61977
46247
46932
2799
361
2794
14111
20692
37939
16654
37932
54710
33273
51912
67012
44065
47566
12961
29546
65185
464
8109
15391
59295
8360
8366
3188
3189
61509
22107
35794
13702
43717
19436
35427
60368
35424
57739
57738
65624
65621
51890
51891
60102
60106
46740
42595
2470
57197
6302
59840
53638
39688
29220
10425
49681
3437
48089
44305
54369
50830
66174
66171
51464
61777
30881
32109
32655
61196
12703
6156
64702
25669
16496
46262
46266
2044
57504
10631
58856
62644
20417
41767
12949
15662
7073
14394
18636
54087
32715
30744
15912
26712
47509
66612
40419
24418
4387
23297
28967
26363
19142
51615
60123
43994
42029
65571
7859
39917
39916
16805
52030
6366
53349
68028
18844
41221
62871
62873
62877
18433
58194
40317
58449
62255
38742
34891
18151
29976
57209
66154
66158
27775
59316
3826
34633
360
64859
24608
65322
16958
51397
11580
21790
4526
13453
4521
36729
21792
62405
62404
33182
58830
58834
60665
34958
48122
48120
48125
7335
9297
33454
18432
54573
15604
53406
37972
30766
34402
30982
39370
50270
31583
40438
40430
66898
32800
51053
19169
60324
66149
19299
65662
27122
65842
25410
46077
42001
19836
19839
61811
17198
9605
9356
10170
36965
21714
4997
45525
45521
41205
4999
13243
28534
54326
20045
47317
66135
8281
15032
39498
23486
8465
39144
31398
35697
52916
52913
18339
24626
65303
46193
38965
43543
31820
5925
28440
4503
20674
36578
1693
20901
32661
54519
59146
9010
53426
10234
37737
15482
45135
50213
58769
68267
1003
28253
11013
43226
35481
35480
21587
28879
46808
43484
43481
32288
12689
42687
61879
64152
56089
53302
49199
1829
1827
2410
4979
36902
14235
54652
14239
62747
38705
62741
58376
44100
58276
47485
18191
59684
59357
15011
8265
31623
35107
55471
34677
7574
50029
14935
55210
37334
52979
26467
64815
18721
35630
32635
16164
19318
40327
60519
60516
27931
49295
2600
20924
20921
7379
21691
11925
54536
30493
30494
37716
18699
49879
753
1025
1021
68207
7704
67983
28278
11078
3106
34441
38133
31452
23584
47293
66585
35339
45526
19123
27698
59084
28850
65805
61588
42516
60184
49600
63182
64507
21209
37522
45569
49466
5138
36438
18201
62762
40113
6890
48735
47603
8248
30808
8242
30800
55180
55181
55186
50002
35835
66466
23119
50437
28138
31860
51204
5964
19660
17544
6638
57584
65346
27312
27911
42234
42725
45712
20943
20944
30997
62976
21549
41458
26793
29874
67617
24325
4305
11050
54118
38111
38112
3127
31479
50966
23560
61612
47642
47146
7439
42535
10863
63966
63613
43919
42391
21952
17683
17682
57173
11009
14017
49480
20793
10486
57392
54619
893
895
14903
54615
34810
16266
36679
6873
57829
15503
59391
47445
37108
34101
50576
28489
34264
61421
61425
26427
38300
16031
31881
11505
51739
51221
25027
27331
17217
10073
36884
10074
10079
12368
44287
53481
9078
21568
45736
45739
29859
58703
38682
32265
62049
62046
23549
23543
5776
59077
61637
12561
35750
7417
32992
16535
32295
22862
60940
19528
61896
25496
43396
43425
21978
49642
56393
2124
13577
4660
57628
30903
53102
57626
62541
58133
9681
9686
20519
7255
7256
48773
6859
29335
18242
31051
14297
19045
40517
67802
38096
652
47391
22209
22202
28175
55140
43099
43090
32697
30863
64658
30643
56097
17184
17185
25269
16278
53715
36860
63009
54845
54846
44262
17495
13388
13389
33786
33782
38660
30478
68368
11090
33873
30783
66522
51529
27480
15265
12818
32205
51382
19721
22692
56559
50657
61212
22077
31922
56801
13558
19893
57605
5156
116
36456
36322
58814
49118
45850
48576
7272
44674
59600
6831
6835
48795
15729
30868
47401
67824
35892
28371
6977
1292
8484
66995
35096
13824
55160
28197
35941
34141
28991
28998
5981
36602
25060
43879
6796
25289
25281
12019
53733
53737
24886
24885
24088
37799
46865
68176
2689
2680
61173
36154
50645
57492
33856
33857
62083
20253
40852
47217
39598
7188
7181
7182
7183
8014
44937
50679
61232
45031
22016
22014
19703
11281
11286
2336
11757
53676
62508
20732
20883
64020
60010
49172
49173
42481
45879
57084
41172
15874
59621
9757
63279
21427
63273
63272
21428
56834
37079
7668
7660
37164
58689
41688
1767
29596
40222
67377
50085
14342
11119
54051
14477
59085
7566
50884
32860
17037
22249
22240
6773
51824
64612
49090
49096
45460
2514
2516
2512
42815
68116
53974
14864
14865
41541
10185
10186
67169
40948
29125
8035
8036
12859
46861
66564
31422
61032
68178
26542
29045
50699
22031
65208
31969
32245
32248
52349
52344
52347
17601
31838
64555
20715
8134
60075
42318
46670
15439
56267
45323
7237
10561
63252
54691
37360
8863
54696
14988
818
68329
37983
17983
3029
32563
30606
4194
34184
47004
39386
32581
32583
21519
39037
39030
56475
16211
32722
16218
42782
233
56781
25714
43785
64632
45403
64493
57253
43169
2536
58037
38818
68131
60440
36805
934
5380
33099
58969
33097
13095
33544
27827
794
29725
6580
13772
7141
33892
30015
34513
12872
7493
66546
61014
28671
31944
14402
35644
34376
16029
5800
19744
16026
32911
56867
61275
51143
20848
36342
36340
2704
4885
10683
9172
42198
10533
10537
3470
8887
3479
18977
41317
67080
10229
40592
40594
3000
17969
30377
66936
59197
4450
28282
27027
21144
30955
40135
59303
50151
9922
9926
215
55501
19268
22176
22172
47486
25773
43812
43811
24824
24826
2557
2558
11471
46557
38831
52556
52557
17142
60425
60427
53930
9544
64212
36138
20925
39614
29256
37082
31702
37663
30037
66217
23037
43371
5823
23698
11267
61079
56628
56629
25345
53642
23961
23962
61294
65792
61291
25527
25524
197
42358
52303
9483
7901
12243
12245
24127
13794
859
41338
48248
44545
44543
11852
41196
12000
33252
58592
45942
14356
47597
47594
51108
29068
23203
23208
499
12404
50790
32544
32546
8339
9901
56437
56432
32761
22408
13750
25755
65586
56297
56298
17436
5033
64186
976
62378
62803
46571
27864
45008
40631
63173
58926
54241
59521
34268
47942
7109
66253
68162
34006
50363
28054
68537
47924
24786
24781
38204
11203
66495
43356
51189
51186
55951
56608
7926
57001
39861
26127
20800
63815
53270
21312
46963
38445
53501
4842
5201
11996
62493
11196
62636
38059
42859
67045
66399
66642
29519
29044
28743
23778
47713
33923
19447
8359
8350
34740
24443
66024
50112
50110
55548
65618
65617
20610
45193
43720
27938
60177
36718
57496
57499
955
25307
48637
16854
12167
46598
7187
42894
42897
41012
53643
37049
33030
59095
59096
7120
67253
44998
2829
50081
44990
40634
66259
58410
58414
66250
47948
14757
66254
34241
38266
35372
3268
65930
29117
13840
55970
16620
57022
9443
9117
65426
65422
21153
64081
42281
21482
22935
49223
49225
38467
4867
2013
51902
19237
52701
52708
60614
13153
13158
36505
18665
9110
47551
12993
37244
49875
65424
458
47773
47770
8116
8115
22110
19420
55709
3625
60375
16291
56035
25465
45234
42077
48605
20167
59705
9656
22938
49690
26919
44394
49962
49964
41032
47967
34222
34224
13960
35178
18125
5559
34598
23182
51411
61762
6448
25675
23451
23455
352
42446
10447
64865
16467
16468
61987
46920
46921
24181
42914
42917
63854
42913
2070
2075
54540
62454
60636
60632
9791
33209
18601
62676
34665
59119
59111
20427
9804
39321
15473
50738
40407
40409
28753
477
3190
28970
13735
32832
56585
35439
23846
23844
1657
52007
25448
25449
39925
39920
53355
39696
53351
53350
9638
21729
41238
40183
26979
49941
48090
29960
30254
34206
28697
25949
25948
7696
3832
23478
370
19365
55931
19368
51299
52928
52920
60830
46497
46279
41912
9768
4535
13447
7988
11105
57062
53037
54561
11977
52747
13198
36011
62650
48138
48427
10088
59136
63309
57597
12481
8621
39340
24397
26702
26707
47514
40423
14500
1594
38164
38161
23282
28737
66883
61352
19173
19172
47871
60332
19283
23860
27154
27155
65859
25428
53999
46065
53192
16831
40947
52025
57302
9613
21700
63462
48307
44686
26958
12081
49431
14089
3228
27741
30905
20076
20075
32505
30504
58549
66417
66410
31104
34623
35863
50056
50055
55263
32660
19342
16612
60814
64829
10994
25633
21130
46472
22725
22722
17512
12581
25096
52761
58822
62418
48441
16477
20449
38895
15612
30193
15617
41792
63324
36267
30770
8607
39366
4354
14525
38145
52839
43233
43230
19111
61338
60311
27139
49743
16587
16581
12697
21896
20160
56274
20161
4988
48327
13256
59815
18981
54333
54330
20055
48583
1270
40140
47490
40322
29380
29439
40329
515
23659
48915
59362
9975
31161
31164
35114
35113
35110
4536
32609
32600
52964
26454
26451
53627
24632
50584
57246
22747
43000
43553
43002
43558
3492
41958
19906
24963
25388
24969
31468
62435
62920
60691
47283
44583
12310
54717
15631
37936
10220
20340
37233
37238
37239
21518
37720
54786
21624
15946
9837
7793
58776
62662
11069
28262
38122
4080
4082
4086
4087
13798
66848
32856
23821
11490
8085
8082
52959
16560
64959
67722
52204
39941
42698
6396
6394
37539
2172
4966
49473
3266
58166
28549
54310
18219
14225
14958
62771
37191
59697
59694
47610
31145
67855
53748
39196
22504
52946
4141
43576
51761
38485
17557
56759
11685
25239
8587
24165
42734
2619
10025
21688
33179
54815
30482
63363
53456
53454
10245
18680
49865
21532
67624
2945
2943
4312
37876
11046
11042
18020
38107
34475
31462
50489
20284
51576
51574
61591
15219
39277
12657
52889
56506
32162
19519
64169
2375
2377
64167
41858
41853
14023
14029
52629
53864
10497
53681
880
54665
20549
40100
7501
47451
40816
40815
8255
39460
34131
67871
22563
26415
36939
4127
60095
32420
35054
56191
53688
22783
31872
27090
51210
56999
56775
56776
56995
25035
25032
27328
45495
64862
36894
20540
23066
63381
49804
21542
40719
26784
29862
764
24067
31268
4336
54122
54128
67605
31409
51514
23571
67464
6436
23316
7429
16521
16522
6608
63979
63970
21963
17693
56382
13584
13586
32235
58121
62550
60776
53809
62731
1792
15753
15751
15757
48744
40384
18253
6591
39408
49076
11954
40524
44860
16035
645
646
28325
9317
4106
17842
31098
38315
51233
11532
19100
46161
27346
64391
46297
42260
52458
57444
9208
63010
12378
53495
10280
21573
17484
17487
40730
58247
58712
33790
33799
17876
33866
6464
61623
66755
8570
12576
19081
19736
16500
50620
65252
61889
22065
2339
49105
4903
4906
49176
64076
60024
52662
60759
17166
1347
36687
41101
63223
29302
18908
30876
15084
37155
34178
34173
34177
34174
36800
24504
10740
58787
14847
15358
56485
33721
51252
51706
51259
61169
48886
43889
54274
27363
56151
57281
25290
51876
10738
64917
44275
47249
68147
68144
3504
2670
33246
30461
36144
3176
30798
23533
1166
1163
42396
3195
3193
34546
12557
50938
35761
50935
19718
65099
52868
49016
24714
50643
2317
41847
41832
17384
57618
51115
7887
17031
17033
17034
20742
20743
62514
46314
41343
41342
16925
12237
12230
6809
53516
10568
63208
3991
37312
16671
26808
16512
67362
28360
28367
1283
8765
30361
13832
34151
8495
34159
35208
28986
19388
57396
51271
51277
36415
25729
2883
14905
245
51851
22490
64600
46486
49573
21601
64931
26032
42804
44784
58069
10717
36783
2698
2695
54987
62093
67118
29772
1147
39582
31202
50403
55322
4284
28642
22021
40390
61222
62380
32259
3753
2194
60246
11749
20894
20895
64033
13292
46662
20092
45643
9184
8225
10500
40898
21419
62790
11618
806
67569
59946
26827
37199
1779
24544
28348
1552
1559
8702
30614
8709
55262
19926
33072
15334
25709
55797
55798
39021
55869
65687
64624
49086
43156
64953
46850
46507
58040
46501
9513
53749
62306
30424
36109
23171
3203
59798
29754
29756
10198
1121
34505
48095
26619
23064
47229
61023
23313
50688
50682
2869
51482
25397
23934
23939
65946
51157
60043
20874
42304
16695
12272
12277
36594
10524
10529
63242
63535
9701
9703
24119
41303
41302
4405
41308
45339
3097
33949
10756
4189
34194
23723
47075
23236
59216
15312
16
3904
39044
55845
19927
56798
40529
43791
25764
43796
45027
2525
68128
17150
17408
14832
20111
27855
39602
9395
39608
67157
59519
59513
59512
37659
39601
50449
56384
50445
47244
66201
4798
5833
5831
65031
61005
61000
19003
56639
23918
23919
65788
43588
42365
6900
52373
39835
39837
16414
16411
16413
21187
52151
63516
63511
33384
39176
41322
44551
26861
57785
28473
1593
28475
14312
38001
48800
487
12418
59239
12411
35001
7741
50835
50839
31038
19491
3928
9939
22165
22161
43776
21562
49517
64195
64191
38829
38824
13333
9559
53927
9557
58919
62346
62345
48391
20134
46895
45015
27876
48024
45018
64594
29717
54251
39523
31735
31733
1691
37893
30022
26652
26655
44947
14767
23023
23024
13938
5583
38210
31998
46272
31992
35631
23686
38425
23972
2285
10906
10901
52315
53045
7918
16435
6284
6287
26137
20834
189
46973
46975
63572
44534
10407
14484
14480
38025
40079
67053
9620
23764
23763
12433
27074
31052
35023
32558
6701
39087
56424
24478
32773
55881
13745
13740
43753
26304
65961
52058
60411
965
53907
44705
59883
45034
27894
39777
23145
39648
28497
58932
54278
37077
59083
39501
67264
67269
50371
58426
47939
5566
34033
46663
50597
302
303
27793
25335
65292
65922
27246
10923
38745
64740
52333
52992
9105
53064
16455
16986
52194
52191
12290
20813
22948
17581
60604
53245
18672
54043
11187
54048
18678
17912
34932
40012
66382
47544
12985
67388
8698
7703
66652
19183
22430
22123
43731
43736
4071
32575
3637
13370
36278
21800
42068
24875
20176
45237
6326
10442
21776
62835
8970
37486
67247
40359
24201
28554
34236
68542
38787
18113
5545
30068
8593
35363
11233
51408
25919
25318
9895
39125
42473
55965
16611
22594
64891
9470
21166
21164
43076
21286
26176
46933
24196
24198
38419
4877
4871
41928
2061
57038
62446
20773
61345
54714
33277
54711
62669
20343
47569
29017
40298
15469
15468
6489
66638
61364
52933
67905
55939
43242
13704
51092
3982
52276
52271
65627
52012
52017
25453
25451
49022
42597
47057
16869
6309
12151
10136
33060
18865
54948
41247
49978
29959
29953
18285
28579
68566
3373
4244
4241
18139
18130
50831
33919
51466
15078
23997
23993
33317
33316
16675
16679
32309
10960
33319
13457
63730
22716
61999
30847
25590
49764
38435
57050
57051
53029
10633
32939
60645
33867
53282
62646
67037
67031
41761
15666
37957
37959
6976
26719
61343
61344
4389
28746
66289
22471
58281
51074
51070
56227
45189
23870
65864
27140
36235
65797
2459
2454
6368
10402
10403
36949
53616
36494
10408
49040
25866
3224
58198
58196
41595
2872
44325
40316
3359
20064
23608
47339
35140
369
39162
46541
51911
12720
10988
25603
60804
65325
46464
54698
43037
21385
41967
4528
58832
52753
48438
59125
53407
33231
37978
18386
18384
30767
50279
50278
2995
50183
9994
14512
14511
28723
21339
50989
33792
66890
27129
25149
42008
52238
16354
16823
16350
10172
10175
21247
63412
45524
26948
40153
44697
40154
49427
58319
54321
58316
38767
32484
40330
23666
59372
6504
60282
34618
39147
35698
50514
44297
19625
22280
22285
52919
60866
26440
25628
65302
43013
43018
1
17506
36865
41943
33952
52771
20670
62936
46995
63883
16644
41410
32662
44599
44598
44594
18413
59148
68480
37220
15488
15957
52901
28702
28254
28259
14530
17885
51030
19107
26662
61659
61301
60301
27100
57096
25163
55684
32289
23025
56264
56265
56269
10829
7815
39959
39957
56084
49192
4976
49993
41084
13221
54656
62746
62743
62749
30579
34850
44104
47483
31517
58784
59682
505
29935
23138
23139
23130
15013
48900
27735
19835
31157
35103
66447
14934
55218
35639
24645
28118
65368
65363
31990
43566
43562
5901
38492
38495
4561
27935
25200
16780
42742
5450
2602
58824
39728
33141
10257
21521
21520
54790
18694
37719
63355
739
1026
5343
37867
18031
32730
28279
28270
5
38134
50947
23580
60982
61582
26943
19782
12662
10805
61857
6381
61851
43974
64176
49607
37520
60084
45562
45565
37884
14035
52634
53322
57371
53328
36925
20005
30559
34871
40115
40112
41609
17300
47602
8791
34121
39184
39182
7599
7593
7592
61448
52956
4134
3841
56184
38926
38929
31863
19665
56769
56768
56982
19720
4543
46405
27319
64437
20947
45715
10011
10017
53469
37268
49817
44442
29875
58729
68224
1048
60569
4308
18015
34463
15993
51567
23566
61615
51690
28837
23307
39243
46574
6672
31921
56518
50616
21044
16883
16332
32178
16339
21049
43913
26234
49668
49669
45546
45541
57174
15036
15037
15035
68054
68057
53875
53693
53695
896
34813
44631
1789
1783
1785
48758
67289
55498
674
30829
59399
47441
40536
67862
23149
23172
47623
23176
23177
4111
23794
10737
25799
17235
27337
36083
17210
52429
9218
9210
33103
45157
45159
10295
49340
63396
44467
40709
24304
58709
26446
14776
5779
5778
59078
67493
23324
21598
23328
10840
10849
60948
60945
60941
19521
22057
12193
65734
42018
17667
58135
136
52677
15896
60762
27073
41395
48778
8805
33315
8803
18248
14929
59916
59911
6586
8208
8206
6589
50814
47429
7820
47390
47392
22205
28179
6700
43095
44955
51240
51246
51719
17963
65126
65123
27352
25264
56725
56728
7396
57323
58898
21589
42856
68409
68367
3572
33789
57066
37806
18720
11099
17801
17804
67125
67654
67652
23526
66830
66527
66525
51520
15268
39203
50386
62682
7472
51388
32206
16044
19091
22691
24721
50653
50655
21008
65711
65248
4707
4700
3765
3769
68009
46325
41804
13550
41043
52659
36459
36323
46634
19699
48571
48577
66247
15897
41115
10553
10550
65895
53528
18269
18264
18913
18910
30313
34364
62757
47400
1747
47406
67828
35894
32500
1563
55166
28194
34147
4447
61178
48898
25064
33925
55838
9521
46791
26028
44791
46869
49303
58076
11002
30416
8016
65882
50673
66761
61236
45032
61238
4723
16064
11282
4623
63909
54044
63907
63904
62500
179
177
57297
42487
49177
17543
19977
6218
41179
51844
41176
10573
58687
38369
35215
35216
35211
25044
46790
65697
55819
55816
9502
49098
45464
43144
2518
46517
46513
68112
18548
18540
38625
38628
62316
67167
67166
47934
23071
16355
38870
8521
26609
66567
26545
60929
50690
60927
24769
65200
31961
32247
43550
25389
51122
46671
36585
58210
10510
14980
37368
24167
41379
31314
67311
67317
32562
31004
66959
38384
34189
30971
27007
8199
8357
51425
32727
32728
42788
64631
57255
46536
60443
14848
33091
13099
29726
22135
31762
7140
33894
7498
12264
58529
35641
13659
56644
65951
65228
51144
60056
36341
16684
2705
2702
17081
58486
22996
8882
7454
13138
40595
18352
59990
31307
46364
23220
48878
27029
12463
50843
3916
19489
28987
54787
26053
39053
16761
43769
43768
2555
20928
43100
46558
58019
46551
52558
60421
48677
22944
10907
40905
40907
49727
25056
37662
37880
12890
26642
50300
1444
23030
26509
26503
48908
6528
11266
65022
60218
25343
25525
195
57949
21999
12247
55805
21448
41194
13111
13110
47598
29069
23752
23755
27046
495
6476
50791
50792
31514
7754
32548
6719
9904
11088
25756
38851
40908
20125
48388
47543
49382
26460
27865
41075
43552
34267
29184
28119
18780
34002
653
37781
40655
28638
38949
50583
11204
38946
25326
25329
25328
23946
23943
51185
51183
6219
53054
57558
26757
16428
16427
63817
63543
56971
24148
334
66644
15696
12587
59263
27066
50800
34744
8356
22427
19997
52044
56016
52516
17108
13347
21813
24867
62827
16858
42890
45025
26328
54919
54262
7129
26930
44997
68556
30077
11227
48993
22306
55973
42460
39127
36913
36911
63706
16448
12283
64080
53075
4866
33265
41484
41485
47880
40280
59283
61392
21807
16292
56039
4478
30162
45226
36193
47877
42610
36999
9305
9300
63134
5439
5554
5888
23458
356
39119
9888
61182
10953
21171
63726
61985
46250
42915
45697
41935
9464
51827
14644
14125
18462
62457
62455
60634
60633
34961
62672
8416
20425
39320
50737
47574
8397
40405
24409
28974
61453
65650
296
64928
7865
57183
16819
42632
16810
42493
40989
9323
21723
37000
59858
29965
8558
58323
5451
1197
18147
55173
39173
377
16663
52924
52923
46499
2270
43049
56915
10621
63875
21418
4554
67029
10084
18441
37941
8623
39345
39348
24395
50713
26704
11024
14501
38163
64421
19177
60333
60338
52169
2424
16834
16349
21255
37571
48300
44685
14083
49436
49435
1973
59834
13278
44359
2842
28507
5479
45884
20071
52637
23674
6518
59304
15022
35132
55487
23499
55961
34620
16649
16641
51901
55967
35040
22723
31810
17511
41979
13462
13461
27941
42952
21009
59150
37219
37962
8602
30772
47827
67406
11000
43231
5709
61337
23803
27132
65832
65834
43491
42292
12699
39961
8985
37512
45536
49458
41094
59810
18980
5497
47492
33969
23127
15007
59363
25983
8471
44803
50033
32606
29237
26456
65316
43551
17576
8127
24960
62439
20609
62922
45188
60697
41409
41400
53788
7360
15635
59171
54788
62691
7792
68279
1036
66593
66849
66843
61649
28849
67231
6184
56520
49150
64143
63429
46857
4967
14046
62597
45325
58162
47969
14226
62778
41611
12874
40699
39445
39441
31632
31631
39199
39193
39192
39195
5556
58222
61102
4144
32448
38954
38956
22769
38958
55229
64422
37367
62905
54814
51416
742
2948
1052
50487
51575
25821
47132
39271
42507
63991
19845
16321
61849
43905
49678
63195
45575
41857
53137
43246
36398
33342
20544
40104
47455
48729
40817
30834
31613
37112
67873
9821
66471
22569
62424
13884
57368
23788
11513
27096
27093
51219
51215
65354
45496
36890
62714
63727
63382
21550
2965
44454
760
24317
24311
58738
1078
58736
61024
54123
54126
20200
51518
23318
23314
7422
50973
42528
6864
56569
10858
65729
42385
57165
36406
4808
62732
34800
48747
18257
31673
44868
28326
28491
23140
22234
26438
3378
3893
28141
56177
31890
11531
11530
56716
27347
52510
64392
10068
12377
33135
27225
65232
9065
9064
53498
10287
13395
58718
20199
30448
13024
11080
66827
7408
31421
31420
16059
50624
50627
22062
46339
57145
57146
28121
62285
7241
36685
10542
63221
54624
37488
8216
57957
47415
34179
36777
44886
14425
1514
10525
38332
35220
33722
65394
65399
52431
57283
8876
53709
44755
46814
54164
726
724
67130
23536
41520
35948
54314
24712
50642
61201
22002
22006
3776
4651
57614
59653
20749
62511
49161
49165
20529
49110
41696
48780
6801
53513
53510
22847
40560
1579
6154
50892
28988
25724
57269
51857
64603
9530
44782
3520
46873
53721
14654
16754
62094
10669
27602
27603
31204
15295
12478
22644
50662
60931
28649
4632
11742
63912
14497
42326
45648
45649
41362
6222
6223
12211
12215
6225
18459
41143
54557
3038
35044
56440
57249
51839
51833
51831
223
49554
45419
64485
46859
53746
38619
36104
41550
23178
40936
31486
22621
22622
50685
31959
32275
51336
56878
23936
16696
1191
39810
10684
6240
10523
10528
63240
37359
823
44574
28410
24561
34990
13875
5665
67327
30946
27034
3906
32595
55511
16757
43826
43797
5065
5064
17409
25188
39600
9391
42388
12863
26673
66200
66207
22609
8606
57259
4794
4795
35651
32924
56320
51176
65963
25518
25515
4895
4894
16415
42187
374
45605
44555
40053
1737
41188
40274
17956
67524
47059
486
51784
480
59238
50789
3920
3926
8306
9935
6091
65570
21561
24834
57206
3581
38825
13337
20138
64225
46896
34276
27028
31731
1695
37892
39299
14764
66262
68501
28043
13939
24790
35632
42619
23682
25357
60227
25682
3923
51191
23977
41919
61289
60087
13446
10305
183
181
10622
2754
44537
58611
13107
55676
67507
55505
12436
15355
30904
34483
48829
55739
9914
56426
55559
55555
26306
2560
11423
52050
52053
60145
13355
4446
60148
20158
64244
42886
42880
59885
27892
23147
63142
18534
30596
7112
67026
67263
46666
45420
31316
11216
19047
65925
64741
10924
9454
12298
20817
38470
3424
18677
15778
41494
40010
47897
47546
12986
67386
443
15408
31079
31076
19180
67821
4074
13761
3969
11406
19982
55575
55574
22058
38867
46764
45230
12175
46585
59717
59715
62832
26929
56311
28738
18119
38256
11231
11232
51406
51742
22333
25314
42472
22592
24993
24199
2790
2795
58650
52719
13140
13142
20693
67014
44068
12899
40291
15393
15460
39331
35798
13700
51090
3984
19439
3983
52274
36212
60103
22846
7871
41468
53633
18866
21753
11610
19813
1630
1631
49970
49971
5423
31037
30886
6541
23448
6153
64703
64707
46487
38434
52481
41901
41906
11616
54558
62649
20411
10095
41769
54086
15910
12499
50709
61346
40410
66824
51075
52259
56229
52253
43993
2457
61839
52031
10405
33047
21735
26969
58192
44324
3352
8575
5443
38747
45898
31110
29970
40303
23607
27774
61758
23460
362
39165
65182
6172
60803
65320
5816
43034
7990
58833
27973
42925
63863
48431
48127
54576
59122
10211
53408
33982
33232
33233
33986
8140
8143
26734
9998
40439
14514
14510
65661
65665
25144
10634
2432
16821
20500
41203
21908
37396
68744
13247
62234
47647
15034
31178
55497
65305
38964
26196
17500
60025
32612
60683
46998
41413
53797
59142
30161
68265
56687
11012
17887
32863
65847
35488
35483
23345
65826
32135
32136
53309
38707
5487
5482
34855
44106
18198
30392
48904
27737
25992
31156
31620
34675
55212
41049
28111
65490
43346
51771
19319
38494
27932
27937
45199
30495
9037
1027
58748
18032
23525
37869
23529
50943
19124
15201
52055
39262
10806
56244
63982
6384
43977
60188
64172
1846
14031
52635
17047
57373
37386
14784
14783
45389
48733
40806
52314
59407
39183
23116
22571
52958
52957
4132
32439
38924
22790
55231
11691
65341
46404
6047
6044
20946
61180
62972
20494
41459
773
68221
1049
4303
34464
51566
51693
39242
16558
12641
46360
46361
4683
13591
45543
41843
58119
20796
20799
53874
36417
40399
51879
8224
679
8226
67869
50996
50572
44851
31083
26422
23797
11507
23798
51220
10733
46281
9213
9216
9217
33104
12360
33253
10299
68423
58257
58704
5304
13016
3142
33810
62045
23545
61635
67496
42821
64835
50636
12194
25493
46343
2121
2123
4911
64069
62725
41392
44614
7250
29334
14295
6584
44872
44873
38092
38327
51245
65120
65385
42274
42277
52507
44267
49184
32549
38706
3579
11096
11097
37800
17806
42946
67653
31251
34570
45758
50659
50656
4701
3767
17398
17393
13552
57606
63219
30648
15090
59939
39437
40578
66996
10640
13357
51263
61176
25065
56126
57296
278
50417
65087
31908
31909
4726
41826
57082
10579
58933
54275
37165
37168
13843
38361
9523
6777
65692
64619
42818
68114
58466
14645
38622
41544
29127
35911
26541
28650
56665
36587
36586
9771
5264
68324
66951
47002
9940
16212
57781
55872
230
9565
33092
12871
54589
31493
28098
14407
5806
21433
9171
40045
57544
12464
30956
55502
55858
43105
64210
14939
39616
8070
15018
32935
51301
5828
61078
2763
2762
60806
55803
21190
24120
37418
41339
41193
54079
58590
45945
66666
32545
6718
39076
56430
32762
43290
43740
43744
64189
48032
34005
58064
47927
31986
66499
25325
23942
50158
42400
52320
57550
7705
36077
62637
38052
3046
45926
48830
31065
45190
65619
55545
43723
57343
49018
62826
42892
59722
45026
34242
38264
21489
10667
10661
52700
26632
18668
20420
20429
39301
3975
42283
48611
59871
9303
49691
25732
40348
14344
10665
13962
2016
47341
51413
61184
3102
16233
2074
68388
52725
36039
33207
39325
39322
39323
40400
24401
3196
478
13732
165
13738
43270
51606
47552
39929
40987
26977
58455
14245
1198
66168
19787
3833
10976
46274
38422
59130
39346
47518
47519
14509
28222
66884
60334
64103
52027
36484
21251
63463
14088
30500
11101
66411
3033
6519
6515
55806
32326
10948
39368
28712
23706
28861
65833
25151
25404
25408
32291
42019
8980
8982
58148
58147
41097
68001
5498
20050
40148
26450
65319
65688
46981
53439
62695
37726
68278
52160
22575
51553
575
1856
48201
49471
36916
62775
20037
59692
39444
14499
39190
15396
32449
4553
8866
45169
10242
67623
4318
23594
39272
42505
50957
49671
68045
888
47459
48727
12590
11515
25789
65359
63728
3543
44621
41201
47152
42384
49121
17699
14911
41388
40381
18017
47430
47435
15516
55657
3093
3091
644
3098
22239
24699
62453
51808
53499
68432
703
33796
11083
17879
34569
8579
52841
37837
65259
4712
60284
60027
129
41104
29309
33309
38084
52432
52470
44757
793
65893
52861
26576
61202
31910
43692
49166
45849
7260
12238
63203
59929
54050
30325
52260
40562
40561
10487
64607
42869
14657
68458
39588
6402
12472
22643
28641
49149
46665
57091
678
8867
65045
8705
35045
55517
22252
22253
9977
56444
27743
15313
43150
49333
9517
1622
1126
15106
15100
28086
24238
52351
60041
2717
63793
36593
9706
68319
67323
58792
27036
6742
32597
55515
43798
48264
4404
39607
26981
37653
9398
25241
46511
19005
43583
3466
41981
44005
28479
43803
2893
58918
26947
57547
45010
54259
51791
30027
44949
43348
22968
216
15681
55857
6089
32551
9915
58423
300
38316
49820
38837
52993
52193
54591
62605
47899
1338
31071
50243
29971
61561
32576
32756
38865
4462
48604
44550
6322
7139
582
44983
3827
8599
8595
8591
4914
55964
64725
10947
63712
24990
24197
55740
4872
14116
17700
54712
62660
62663
44066
43718
21570
51099
6531
65622
56021
28294
45215
33067
21752
29950
41138
44
66170
35301
6151
26156
26155
6585
41908
58851
54559
58858
33212
15668
8167
12497
12498
50702
51076
4771
65647
51612
5494
52033
192
58994
62878
13260
44329
44321
53617
66152
61757
35141
23465
3202
59124
50272
40434
61325
60325
25145
9606
14075
13244
5461
36612
36619
40333
59375
34611
39145
39146
26190
14495
41948
2088
62427
62932
42940
63889
41419
27484
15021
65198
33430
58811
12906
12900
53420
63331
63332
63333
37221
26651
1008
17886
32864
19105
43482
57133
2411
68015
49449
40130
23132
16351
34670
51775
45191
25207
6065
751
50234
8671
66850
28851
56249
1849
2169
14030
17046
17040
17043
59809
20551
62763
30553
41608
40808
47604
34122
7594
19669
19096
11693
65347
42231
6046
7353
26720
54802
62977
24062
44446
51565
66704
10865
63969
2108
57398
15506
61422
22553
4114
32417
28152
23799
27085
56709
42951
10072
12363
46824
13017
30451
29983
65309
6613
12190
2125
7257
15347
29312
29319
50815
31985
44870
67804
30314
65121
60575
65384
42276
7393
46804
17497
18581
18584
32249
46993
51523
48104
50922
51380
3766
21911
56805
56800
68003
52121
60030
20535
67826
44436
55167
55162
23069
50937
61174
29769
1176
47212
7186
56821
59889
45651
13842
38364
49545
45669
52835
24766
22035
6181
30412
67318
58552
42789
20606
62923
62437
45402
13097
30017
7499
28095
15200
51147
20218
2701
10535
44936
53065
23221
50152
1110
25528
17307
37419
13113
56299
8923
15406
10310
38499
58600
54265
23040
66256
45771
31301
25656
63703
65423
60615
13150
41480
47086
52282
56038
65217
3360
53070
10606
26922
66359
23841
51609
21727
45200
23617
53752
62659
9985
416
32815
60337
44683
49432
59835
30506
50054
55265
6168
60811
64826
48442
30998
41095
5492
36600
23121
32462
62927
54789
52167
66598
22199
39946
1937
39440
4143
43579
5919
53458
68470
747
47344
63994
58320
27094
33801
26536
25800
34801
9949
11536
22842
61622
41816
34829
5384
40580
28161
38333
5970
48881
25291
30465
62076
40750
21954
28978
54313
27192
53515
63200
37174
30363
22270
57266
46870
39584
60934
26554
56855
60068
21522
64035
57092
16908
37372
59949
23704
23700
1165
16225
59790
67171
22623
28882
56300
23935
24566
3011
58972
6741
4400
41538
28214
25516
4896
63519
3469
44004
47588
3921
49511
52925
20
26222
3440
2758
35022
60141
20153
42889
34034
27796
7932
17913
39
38957
3966
4463
36279
10111
67713
11237
38090
32817
52714
52711
40292
727
66639
59846
1638
13651
5424
4247
66178
57054
61192
61198
46269
62460
24419
26367
61832
363
38438
34959
47525
61324
21248
59801
8285
50518
55277
5927
62937
45756
8611
66260
19102
35482
31197
14944
31159
34671
64817
20618
53441
24005
24004
754
66588
51549
64173
62769
62767
15613
41601
8427
5346
50435
27912
24326
31474
15225
41479
36213
50575
56168
45158
32260
56270
41135
48779
6582
44877
54844
11686
20457
65249
4704
65651
13559
1743
67823
28376
58496
28195
34148
25287
57479
21313
47817
42497
37072
20741
2511
25385
6182
15712
58553
39039
27824
11181
53091
56015
12462
55850
64213
39611
50306
40061
41192
31378
7755
13753
64187
38850
62376
10126
19054
63700
41486
65631
18127
61181
58989
555
58453
64592
66889
12109
9617
32485
6169
65195
51045
16586
39963
22923
63401
41099
47491
32467
5866
26180
17894
65818
62779
55445
54810
45570
57369
6860
64921
22565
27221
12511
36400
31297
40385
3037
28160
5975
11121
27606
39586
51152
52680
3015
67150
38012
10656
14489
27460
29260
7930
21189
44723
22922
9319
41248
59126
59123
21447
9607
60863
43547
60681
51333
23205
40680
23643
16575
12661
4959
40805
60404
60150
65137
4685
894
40396
31669
25792
56571
62544
6449
41398
52681
64175
66998
64064
54334
38341
8037
55120
6084
14775
3430
50296
58530
66621
32506
25093
30565
31382
22744
61454
61104
6482
40938
8257
15517
38937
31873
45145
647
47175
68298
39583
17174
5452
17970
25371
6467
53909
60428
17691
8974
48984
24604
65626
59841
38439
34797
44105
5500
2433
16827
55491
33433
19818
26581
36324
6610
60942
53105
27356
21910
7273
36156
16934
53502
59922
25368
5657
43590
44547
28050
36525
12485
38375
20169
49033
65134
52630
27468
23766
39086
8978
48804
33213
45885
46471
31993
21699
60728
64430
34814
46823
43752
22017
55873
61013
20104
58599
57129
338
55636
30563
27897
14352
42471
46569
15338
63425
59381
60932
31734
42288
34205
51351
29201
16857
40098
