71788
84171
73754
36663
40942
75297
3919
88290
35642
27060
25730
63568
24866
15986
85219
58949
39113
82702
59131
17120
49483
11279
1610
74955
22506
22664
22394
53056
73854
75238
17583
78196
74557
31284
34337
62262
36334
4725
7913
50935
24442
58062
71959
41208
36300
18976
57336
49422
66087
65933
34942
35744
20087
83152
84525
82211
70823
58021
50181
13097
37068
47202
35168
66700
62499
50009
79687
55108
78891
33171
59907
36082
17666
68388
13313
52834
61440
33818
23106
68014
51879
53426
52618
59041
27954
83675
67266
35690
83943
39824
5732
611
11998
22846
85482
32628
6182
23828
23906
21331
84544
15419
70944
82754
51116
29585
10326
82290
5790
70276
80234
16374
8265
51208
65349
12728
20217
9681
42093
9381
13198
43863
69300
59445
75981
80619
3737
36228
58620
29954
36648
80100
3070
74176
18110
42715
19764
60470
37280
49282
14431
29696
83652
56582
2932
18068
19085
3885
56358
30174
53535
65577
72224
37867
76326
27302
9319
1813
25275
57924
10623
63621
28143
38171
36849
2079
25879
48553
