24932
16393
14346
10251
18444
22189
22
16414
8224
2085
24615
5468
45
22574
4146
6835
18487
11275
12365
6222
20562
14419
18517
88
9572
12380
22621
20574
20576
16482
2165
10358
12414
18562
12423
16521
10388
20635
16545
22699
7197
14512
8369
8222
8375
20664
24765
6340
200
14540
12496
16594
12503
8408
18649
10458
12507
6364
16611
22758
18668
10477
6387
6388
12545
24835
16647
12553
6411
16654
16659
46
22806
24861
2338
20774
10539
22834
24885
8503
6456
12318
18757
8520
4428
4834
8526
18778
2404
14707
22900
22901
24955
16766
4483
6532
2449
14746
10652
4511
4513
8612
12710
22953
25006
6575
18875
449
22979
25034
22989
25043
14808
2530
2535
9639
492
25069
12786
3839
2556
18943
12802
14854
10765
8727
4632
9306
4640
6700
10801
10805
25143
570
2623
23110
25159
23114
16976
593
25172
25179
615
25201
24503
8824
17021
12927
14976
4743
19089
19090
8854
15003
10910
23204
6823
4777
19114
4782
8879
21171
2742
21178
10942
23233
12406
25286
6868
2774
13026
743
17134
23293
13056
25346
773
25354
8972
11026
17172
21281
1841
811
6963
824
6971
9020
25408
21321
15189
23387
4960
25443
13164
9082
6635
2949
13190
2952
13196
12781
23452
11175
9133
950
19387
21436
23485
23488
25543
3033
13276
25565
9184
17082
3048
11241
19440
17393
20765
3063
25596
23552
21508
17419
5134
5143
11293
9249
7204
3119
14834
1074
25660
9283
19525
5210
5211
21596
15457
7280
23674
21630
15552
17538
9313
23693
7317
1186
13482
15538
11445
17600
19657
3283
3286
9433
23770
15582
17655
21754
15614
9471
13526
9482
17692
13597
23841
7459
15659
3372
13619
23864
25917
1343
21824
21825
15685
21832
19340
19791
13649
11607
5465
15708
15714
23907
7524
7525
11622
23915
1405
23943
3466
17807
9616
17817
17819
17823
17824
7586
17828
21927
19356
21930
3502
24819
15799
9656
15805
15814
15821
17874
3547
19939
13801
19961
5639
7689
22032
10499
7712
7717
26181
1611
1613
11861
20065
18030
18034
1653
18051
16013
3730
13971
16032
9890
7844
13995
7853
5807
3766
14007
16056
11964
18109
3812
16101
4355
3824
7926
16123
22269
7935
16128
3843
22278
22284
3858
12051
7956
12053
16347
10024
18225
1857
12101
14157
8031
3939
14181
25575
8045
1000
6009
22404
8072
20373
24479
20391
14932
24499
8116
12213
1353
18365
1995
1997
14286
22489
13647
16352
3409
22504
4023
20478
22527
22466
22463
23441
345
24718
25060
16674
13600
10969
3681
25289
13096
16708
19974
17382
10842
26127
26159
19573
16389
19578
17038
17039
21614
22903
2042
9432
16817
9419
18453
15209
2621
17721
7264
3511
22265
93
10096
21432
9937
18924
22815
20250
12491
15917
1172
18143
2340
8768
13837
16881
16576
8549
23614
5621
1373
23476
23470
22476
5993
11572
11372
7522
24708
19140
25053
2309
23870
13614
13615
20116
2307
19707
245
244
920
4624
25435
9763
19568
2457
11011
23146
9769
2055
16495
7985
12130
10623
10406
10158
20644
10711
9755
19870
1968
13060
24148
18447
25442
17385
2870
18719
15455
23514
8151
24559
1545
543
12928
17250
15166
9980
7563
12660
23266
8441
22394
22644
13990
13999
4289
22242
7533
9255
19607
6179
6175
6774
4755
16010
25601
2193
16722
2200
9486
2047
2420
22119
16349
23836
4525
7991
21707
6626
21708
6944
1818
12679
12212
14864
14647
18894
18544
14648
18540
18543
14089
13422
18940
18942
8851
2848
2846
15608
18095
3323
13319
7050
15933
15935
15938
1151
5510
5605
12851
12587
6512
5131
3814
8457
23708
23382
19612
12739
4748
24616
24617
16006
19080
17359
24944
24943
19909
2185
2212
12422
12763
19586
20716
21629
13469
25094
4512
4515
16265
6183
11640
2501
17778
20667
9511
21391
5938
20553
20552
18952
14982
8862
7307
9021
21407
11919
4712
22147
1498
13369
18396
18174
2980
22555
8730
1234
8049
8280
16115
4351
25978
23063
23481
23248
23712
15321
4773
23806
23805
25628
9943
15784
5812
19022
16741
25402
19246
15786
25158
5542
16584
25396
231
26193
26190
26196
23939
25572
26065
16694
25080
26180
7463
2710
9360
2155
934
1958
16876
23344
6905
12308
9017
7038
1488
24023
2144
23051
18340
18745
18743
12874
624
1229
15005
15559
25988
11015
11017
25980
24293
25562
3877
12472
19107
5717
5712
3909
7719
4765
4164
19880
5809
24942
7245
22741
12687
11791
5934
21864
21646
21861
8448
4575
21089
24706
3651
3652
13384
11464
10350
17794
10818
12268
4975
12266
8888
18971
18408
20595
3310
3312
9397
1728
20344
15126
15123
15942
3006
1588
7154
18758
23649
23134
23647
15010
8261
25998
16357
14542
14547
20947
4080
22601
23474
11183
7578
15300
19131
18909
19489
11493
18899
214
215
22779
22778
11785
22177
25378
12074
23910
19640
5901
19645
10819
25180
21075
19865
12788
11472
20613
20616
20618
23681
25205
17414
1858
20850
20853
9722
3231
20108
20100
7090
5435
20587
18210
10376
7013
20033
1736
3321
15150
20663
5346
1023
20328
4364
23107
18032
3102
22610
11318
6468
9869
7584
15372
9800
6525
3922
14176
10247
19013
22188
3852
16778
23967
17559
21847
24833
193
25540
16310
4552
3677
2385
26178
17543
16958
17426
9485
6271
13333
6077
6076
12085
4952
21800
9736
20954
24126
853
19962
12334
14967
22497
9025
10243
7007
18511
22887
15144
15145
15148
12066
6892
3066
6896
14497
12885
24489
15562
14767
14766
3113
23758
22377
491
24
19463
26039
8335
9907
22324
17286
178
22791
19204
22793
19206
25684
13328
25758
22083
19517
17546
2287
21051
5655
11696
24939
5065
2591
3595
10657
23351
17439
1877
25359
185
19923
14020
20122
7350
7355
7357
5107
3280
869
13702
17944
12135
10490
882
880
14599
20014
3534
22899
14807
18521
14485
15173
17932
14374
3526
21638
20303
18783
1267
1265
17751
11053
8787
15516
15683
1408
15999
1310
13929
9829
15194
23161
6708
23302
6082
22366
22369
22149
22144
16083
22415
16084
19678
19677
16882
16332
16888
16889
4354
18238
25785
15409
19316
23095
16162
24924
17330
17116
17443
888
9135
10310
3655
4446
25977
24814
6056
22951
2741
16469
4846
4847
13067
17569
5209
8916
2614
11194
15163
1078
25516
18227
1093
676
18000
14747
22618
6907
8680
5769
23577
15184
5564
2072
23241
25585
5629
17248
19446
21931
24753
19048
14379
3820
23403
12637
14373
22426
3055
4068
5787
21030
20309
16946
5365
19992
10926
12160
13346
9143
2133
21815
21814
14009
5164
20148
20780
20783
21491
21495
17584
17580
17583
23038
10588
2912
14357
10039
17911
19879
6301
5302
10130
5067
7635
1339
19705
5773
8122
5578
11028
23145
339
23896
3967
24696
15245
15244
3890
25304
19248
6610
12627
7277
5953
5957
2560
21027
3632
22051
10931
16994
25271
17463
9441
13371
6033
17268
5172
15891
2654
21379
22937
17001
7383
12373
14102
18488
24057
20511
10113
20517
7444
21777
20683
10590
4488
6857
13355
4269
6583
19808
11082
9038
5407
9732
19801
6737
23558
23559
15414
14430
8376
8579
15258
25916
25910
19738
12615
13714
9895
19423
13558
13992
21012
19557
13404
11416
22598
15793
16475
3716
17472
3719
22523
19955
16278
2485
24474
24220
9209
10055
9208
17016
4877
12141
10615
19605
13385
9785
15880
8187
1839
6494
7650
2806
7096
7091
21634
2001
4242
5555
6482
15395
11148
8589
1519
1511
8365
23637
9018
24439
22100
22457
22108
19093
22691
22696
12606
4015
7504
9889
8476
19545
13673
4705
10956
21910
25108
19940
4631
25582
17245
2475
2474
17022
9264
10041
7877
113
22917
4639
7024
11604
26013
11609
20534
20532
9643
18866
3501
6830
10550
8823
18910
18736
7087
727
5668
20772
15478
15479
25849
1293
1563
8391
23628
6544
5636
5259
23991
19710
22462
9389
22507
19325
10895
19159
19150
3990
12701
6154
6158
16041
6351
16498
272
17389
16258
25111
22483
12016
15528
25597
9522
106
16819
19012
26023
11612
11613
6375
21928
18344
18457
22876
10383
10381
16921
24870
14627
15718
14628
95
547
1620
3209
18920
20258
20257
5052
4258
12492
23509
18141
18140
14403
10500
14372
13831
23555
8547
7452
4382
5622
25948
23299
23298
23297
25940
10881
4036
11379
19146
24705
25050
4727
17626
1090
19964
25436
26141
22493
19562
21100
2450
25541
7855
17289
17536
13282
4822
11621
26038
9335
3553
23151
20647
192
20641
17754
16937
13199
16935
25496
16931
14369
8801
6218
3878
6810
14093
14090
24140
18445
15678
7883
26098
20062
5441
23511
1149
8475
18158
11442
9983
7442
7449
24101
1386
3826
2443
22393
11563
5608
4283
19179
22245
19351
19355
8625
22028
6172
12720
4759
10986
9964
21203
9968
1075
24959
13520
4635
2202
11746
17137
16831
21635
3683
4814
4422
9439
11630
2511
2512
9341
9188
7209
16906
10762
14865
22726
10501
24402
4555
15600
10211
14265
20526
24734
9026
8148
15931
9892
8630
11109
17997
24385
11102
2991
11107
3032
2993
25896
19924
9993
22879
12453
19168
4293
23383
2075
24762
21723
16649
6160
12733
23810
10991
24614
13624
25419
2182
22722
22730
4713
6904
11792
21621
5767
25569
9649
9194
9517
20002
18558
11824
13068
10519
14079
14983
24160
21401
17827
2851
12938
3718
5181
18398
18397
20169
1124
14325
14324
11132
15108
24578
17984
2982
24371
22225
15580
1014
8737
18088
8517
4195
3955
12842
25870
23256
22620
3804
23713
6434
24595
24592
2249
16102
16107
19624
19167
6421
16210
24970
13501
16589
1963
25710
3058
21653
20879
19807
16368
7824
26067
16274
25086
2087
17956
5078
17161
22832
22837
22929
16967
4989
937
10524
20902
5385
16644
14667
24110
7311
24114
12306
21297
18337
18983
25189
15623
4878
12639
10235
1711
20059
24029
20052
15959
18185
15951
18182
14337
17979
1008
8721
4255
18102
8053
4180
2883
24294
24295
24174
3872
23723
15311
6408
24587
24582
24589
19324
4766
13659
6748
21583
17379
205
16754
26021
12040
836
12688
135
10824
21860
15383
4576
19810
2526
11661
639
8968
7811
10352
23920
10532
11801
20119
9710
15571
2410
12313
12311
13220
7023
24034
1727
5246
20567
18579
15125
10543
18193
62
65
253
18585
4284
18751
22738
9125
500
12860
400
9126
7481
6524
5656
4376
15495
21149
8403
23225
7579
15301
3917
3916
25554
8312
18904
11495
11629
5838
12118
18271
22197
16765
25379
12070
12678
24860
12675
19641
25777
18299
15943
13684
13411
26088
2558
2770
4896
9147
379
6264
4416
1854
17099
9721
21322
5125
14952
18215
20231
13989
20662
24001
5230
5233
11815
11811
25358
22790
2959
14317
22018
26048
12049
8074
1217
11077
15974
15973
15972
8067
23741
23214
14498
12659
15325
5730
5739
482
6465
19493
23363
8305
5825
5827
4377
22184
22765
19703
25698
16575
17187
23968
195
197
6380
4550
21994
11447
2761
8864
20620
16953
25235
17231
17135
12247
14033
9735
16718
20956
10794
10791
13205
3451
3293
18208
14969
20000
10246
6867
18681
18684
18685
12065
14818
24330
2915
5355
5352
20315
1058
1694
18283
12884
11047
14562
17939
26
19609
3594
15365
8672
19464
13680
20046
15214
23686
5695
358
22798
16543
22105
21710
12654
22082
16148
10871
21831
19687
10907
17306
9124
9127
10655
16433
25228
13322
7911
6288
6280
21287
20942
20129
9128
22966
3441
2115
10496
2620
24726
24060
21543
18524
75
7105
70
15217
20305
18788
1685
18782
19004
8254
26167
18013
24490
7615
15913
15585
21943
24781
5597
8732
7725
21592
312
17182
8047
4125
24477
24475
1378
13636
19216
4052
13740
13749
16159
9216
19675
19501
2293
21048
2568
2368
17113
16280
4442
25251
11734
5251
11733
20808
20806
7801
5116
15420
17592
3430
896
10268
899
14165
25872
21550
19945
13177
11840
18648
18790
20375
21167
1674
1675
25102
13008
18001
20207
4103
17850
1321
8969
13556
15435
15186
19895
2394
1254
1520
3953
2255
15235
7893
3059
23950
3056
22423
22421
23409
3204
3052
14377
6863
16177
24456
12742
10923
2356
21968
4451
3731
4697
953
17075
21497
16858
4583
4302
4771
1855
21563
10456
5417
6064
11182
18676
18250
1667
2074
24270
24271
12981
12980
2826
17345
2823
3386
20217
5412
3965
10996
1403
23492
11951
23099
6934
5771
1248
3099
4102
11227
11223
17739
25405
17738
4433
25903
25902
24454
24453
22439
6611
21615
10841
3630
11400
232
17465
12286
4466
21152
2342
26100
10062
9207
8523
3411
3418
13480
20513
21776
3561
21771
21778
14638
10597
6858
20424
8387
14615
20191
15774
141
14924
23300
20775
8200
7625
17875
24203
24204
18065
1430
1981
5408
1311
1341
1347
17665
9870
7716
23153
23880
11231
22336
25319
25648
19084
16506
25316
14431
23429
23423
13711
17612
13713
321
3977
19314
17681
18286
25480
14319
15357
19954
16270
21162
13364
4673
17273
26171
24845
11700
24841
26176
2465
21341
24199
10726
124
17017
12389
12386
6317
12149
6442
9099
9092
10439
19350
10825
13142
18879
4493
13389
18619
6828
11899
10549
11891
18586
25599
18276
16963
13032
12641
18720
573
8215
574
17800
12968
3164
1425
5434
4983
13966
23529
1350
13481
18125
7384
15396
24506
23186
13813
15066
6558
14661
7475
16511
19723
7485
22693
23454
4013
24722
351
3983
14067
22074
4708
3618
3765
17394
17396
8155
7899
25589
2250
164
12155
14123
17731
10427
8552
2922
14385
10555
18592
8774
18739
3178
163
14709
12971
10919
15384
4249
20892
4241
6941
15477
16742
9414
14414
23506
18870
12806
23620
22318
3197
25934
25931
165
19495
10896
24713
8807
7510
16676
21608
11403
6156
10966
2316
299
6726
8208
179
7882
15205
2044
11121
21293
11610
9417
17729
9325
21727
12235
6266
6806
6807
6804
3207
18723
3532
17825
15667
17821
15664
18746
3345
12498
23503
16900
8726
4189
8541
7450
4383
16570
628
4032
375
25729
25057
396
20383
25615
11284
5848
3743
4625
25125
11152
293
13683
11591
10463
9764
9241
17285
10620
10153
20086
9338
21665
9629
20645
4656
6219
14652
6815
9759
7324
5194
18443
2877
18622
1765
8150
23727
11112
11114
8710
8718
13847
2386
14500
7447
17994
3827
3825
19109
369
22246
25661
385
12722
14985
10983
23863
25607
21125
3752
2190
22734
13529
16235
16726
21205
16505
21389
25557
13292
3685
26042
1840
10162
22811
5055
17740
17746
10763
18549
18941
1606
11967
18091
1776
320
18381
19443
18160
1150
19469
8701
15596
5606
24129
17599
19927
8595
3450
19164
6427
19161
7541
8669
16640
16131
12735
19297
9974
5862
19900
22721
19064
6455
8134
12110
9426
2720
6838
5287
17174
21718
20915
24163
7045
7042
5267
5262
19957
18399
15850
16730
17981
14690
23665
4353
11002
4117
15816
11557
24280
23246
19111
18052
24960
16106
13641
9946
19023
19244
16747
16749
12056
12695
357
25719
18373
21650
140
20702
21090
20317
17189
2536
2713
17764
17162
22830
22831
22836
1832
1834
1838
2803
14664
11903
12302
25449
15625
15912
15829
25234
24568
11125
2797
18741
1006
4182
15006
6530
14534
17884
11032
23721
23720
8471
19102
8184
12478
24583
7768
22290
16020
19741
16022
16755
6024
12043
12045
2239
23901
19379
21866
677
11426
16227
11461
12312
20569
10354
10351
25215
17156
17158
17403
1829
13318
1825
13310
17089
5392
20934
9713
14051
21466
2936
18995
4484
5488
5485
3316
24032
9392
5241
5240
15127
15941
20335
17968
403
7071
11066
1104
8666
1109
22609
11325
23224
5729
3910
13034
6732
4798
11490
11491
4793
5835
5830
9924
16568
16565
11788
12121
16563
23918
25553
6641
23912
21853
4138
4139
15082
17194
3007
17191
9491
25209
4967
14003
20924
22275
21324
5271
20106
19144
21220
12324
11925
6711
18217
9030
7015
24009
751
750
15159
1594
3076
1025
1026
8079
12861
18037
8279
14552
15971
4588
23216
22611
4250
25836
4724
6724
4781
10879
3850
16779
16770
19442
13862
19784
6095
4775
12665
14541
16174
10807
17228
19642
3679
18195
21995
21998
16899
11444
9151
25236
15422
21409
21194
20827
7267
1941
14037
20952
22975
12337
20557
20003
20008
11865
11868
11186
18331
1059
26173
22556
15568
24248
20959
15960
20427
8643
22379
23751
22372
5740
7103
15366
7592
25829
10656
3937
18196
23689
4135
5698
19208
4046
6667
10878
22087
16324
17233
19686
25674
939
23458
17308
3593
25225
25220
17124
15920
20940
5109
9408
22964
864
2752
18370
884
18233
18234
21547
20495
8922
22890
15175
18658
15170
6864
14691
14376
78
1044
3524
18784
4301
11052
8786
17843
1914
15197
15196
15192
7727
3948
19475
22075
6703
2073
19078
16553
6675
12849
16154
16333
21823
25783
9138
10004
4704
22954
894
13352
16232
13174
14344
18314
14340
1782
25107
1073
1672
12612
1098
22233
17859
1323
866
6908
8340
16801
1258
302
4115
8195
24444
17934
9265
21031
21032
5363
22046
12749
25204
19996
15666
4265
7309
1896
4458
21142
12296
9413
20149
20787
9217
16756
3420
12166
2009
9075
18066
8629
21156
14351
1796
7125
26019
21154
7638
5411
1407
24332
8128
5575
12640
3096
23149
25152
16743
19184
19059
24699
19051
19454
3964
3633
3631
16624
2341
19980
12287
21157
7959
941
11712
24877
17266
6030
6911
5175
3412
26194
6918
15898
20519
10445
22848
8978
17502
6190
21798
80
21657
18597
13029
18067
20229
13470
7715
20650
5543
5547
25863
8592
23883
315
11233
1992
25911
4650
19081
6627
12614
23420
23303
12611
13712
2332
13622
16471
25469
7648
17275
20168
9273
21705
122
16872
6226
22839
26004
20243
22109
9095
9090
21587
9659
2661
6824
6825
18613
18612
20432
25598
14606
18580
8211
12644
14933
18905
8219
18724
21289
18297
17808
24219
20236
20230
731
4273
1356
9862
25850
13664
16011
6556
9066
22320
22321
24431
23989
13864
13703
13705
19433
23855
2326
281
283
17207
1116
16264
260
21772
269
2490
19890
11841
7895
24113
9269
2783
24888
16234
12158
6303
11939
14128
20538
9647
5519
12032
6832
14383
18595
18042
7645
15657
3173
21468
5427
10918
13955
5529
5497
8553
12803
17118
6541
25937
17297
17290
3996
5851
25668
22487
2516
21613
6376
8231
19110
17590
1436
14620
6808
15669
20253
7072
18633
18145
17126
7188
13832
8087
24412
4380
4033
19781
19301
15846
21848
2059
4825
10390
10391
14870
19978
20064
7069
5602
5444
15907
5503
18154
11113
24398
546
14600
7446
365
380
6176
364
16955
25138
3772
20893
16835
17294
12106
3684
7999
23240
20479
2926
3228
4756
25250
10183
20078
1550
17991
25891
3037
3034
12262
23673
19922
19881
16590
25866
19613
21131
17603
25382
2184
19903
10468
12411
16940
20668
22826
20660
11829
14078
9773
19147
15616
17440
5266
523
12599
5673
6506
15329
16108
10446
2810
24620
16039
16213
238
17501
19806
20316
17180
930
1959
8877
8161
14616
8299
8298
3875
3876
19101
7769
4760
22528
8452
22746
22728
839
21433
2527
22371
4490
17157
2142
12260
832
21469
834
20597
27
7597
29
14308
26059
12866
4379
5659
4371
4750
1101
22603
11328
12291
8216
11670
2559
11470
12787
17090
4966
9723
20568
3265
21696
11929
9037
7014
7011
11812
24340
14316
1599
17953
9979
14559
23219
18122
24097
22502
4148
6094
25526
25528
10514
2388
12797
26044
25439
4426
2169
24121
5136
10022
3452
13036
5227
13311
6891
24210
5353
1696
1793
1278
17304
24240
15961
1493
8641
4469
9248
1497
22376
13682
13320
1028
13010
25610
25537
21830
21944
183
23986
20949
14970
5216
8925
11876
4211
5415
14370
5367
20307
19404
15998
16231
17923
20558
7726
3944
23304
6707
9913
24470
19215
12642
4702
8282
6642
2566
17339
17337
14972
17688
2630
21315
19462
18209
18587
16262
15160
1962
17924
23135
8920
3136
18008
22894
4104
23576
17249
19447
19445
8352
17240
5184
11502
3607
24593
12187
2350
9458
9459
9450
18552
5166
2003
21560
23513
915
18256
2607
23092
5570
24252
21450
3291
18161
5794
19527
11402
2562
25491
21158
6913
20173
7386
17277
4868
19457
21779
8973
20421
81
20196
1658
18246
11979
450
15416
5541
25868
3387
8593
2124
19739
6629
6702
21017
21016
2335
25486
11468
21169
17670
26170
10117
4870
13493
13496
9093
10438
21584
10435
16483
25229
8742
15081
2805
7098
13498
733
15399
14424
25854
8367
19724
6631
13635
4703
23859
23858
8871
17392
5061
3243
24183
4634
7878
4638
16727
6305
9314
1985
18913
15382
8178
4247
25844
8398
3193
17683
16429
19711
16675
4431
17251
15200
11944
18455
20155
14710
14711
510
8386
23616
23477
5995
16717
7046
13283
16800
1608
2303
10081
18624
17999
10186
24601
3442
9504
6078
6073
9483
8857
914
13859
25962
3811
4290
22744
25387
14621
11141
9514
6513
11821
17575
11910
5182
2852
5464
6431
8198
23394
9103
22530
23809
2243
12054
5060
12696
3068
7829
19809
25571
16155
17163
25219
14841
9863
7039
13490
18742
25440
22299
16751
22725
3654
5395
15882
2352
5483
5481
25996
11199
5631
17804
21184
21699
11923
3073
1029
4275
3927
16067
5843
19783
19871
5130
20550
9027
748
2917
1699
18771
5469
495
13931
25827
22577
21594
23683
25534
19683
6185
19603
2750
18235
10476
10478
17878
20089
6919
1879
6081
23945
23419
23786
16331
1862
3725
21177
23138
16042
14345
15161
18791
6888
22235
17343
1915
23714
22224
11213
1048
6023
5162
1859
16853
12165
14174
9074
22285
2997
18677
1404
17341
19234
11401
2127
6039
12370
13483
2010
13153
5400
20030
4263
1508
8446
11522
11713
8449
9893
6031
4472
21588
7247
7246
20184
12645
7094
8177
778
352
16607
25721
26168
16230
2789
10600
11602
20536
20533
18605
18282
7863
9634
11664
15911
17755
22129
8037
14872
20261
128
25649
12107
13653
4425
1153
11108
22382
18884
15617
4774
9593
4988
921
2452
4183
5062
18972
20599
12865
9391
1105
4081
7774
7802
2773
17149
11926
5225
22464
8064
8301
4143
18557
21199
24122
5359
19608
6632
887
21549
21546
17937
5360
17848
25784
18237
3721
8511
12425
14153
20489
22375
715
21558
25875
25877
15682
22309
22436
21799
21806
18489
6859
580
24002
8206
24731
25321
20434
18582
19544
17395
4641
9267
24341
1174
23623
6503
2306
18772
18625
5505
6337
22395
16834
21660
14843
20255
1833
10684
13387
19358
26058
7010
25839
22503
6529
17127
7104
5366
19219
21101
21554
9312
15523
6920
8596
23093
13625
22599
2950
17114
7093
22048
3185
267
6010
14639
7088
6543
3773
5661
7546
13035
16877
16225
16415
21695
4141
17854
851
1897
21811
20781
16110
19247
7506
8000
20248
16486
2451
9987
15589
2712
8728
7772
4261
855
15250
22645
25217
26130
