71788
84171
73754
36663
40942
75297
3919
88290
35642
27060
25730
63568
24866
15986
85219
58949
39113
82702
59131
17120
49483
11279
1610
74955
22506
22664
22394
53056
73854
75238
17583
78196
74557
31284
34337
62262
36334
4725
7913
50935
24442
58062
71959
41208
36300
18976
57336
49422
66087
65933
34942
35744
20087
83152
84525
82211
70823
58021
50181
13097
37068
47202
35168
66700
62499
50009
79687
55108
78891
33171
59907
36082
17666
68388
13313
52834
61440
33818
23106
68014
51879
53426
52618
59041
27954
83675
67266
35690
83943
39824
5732
611
11998
22846
85482
32628
6182
23828
23906
21331
84544
