71788
40942
75297
36663
84171
3919
88290
35642
73754
25730
27060
63568
74955
49483
39113
15986
58949
59131
22506
22664
85219
24866
1610
31284
74557
36334
17120
11279
82702
7913
17583
73854
62262
53056
37068
47202
50935
71959
4725
41208
78196
22394
70823
34337
65933
58021
34942
50181
83152
75238
84525
57336
18976
58062
82211
49422
66087
50009
62499
79687
24442
55108
35168
51879
35744
20087
13313
52834
13097
33818
78891
68388
33171
17666
59907
36082
68014
52618
66700
61440
53426
27954
67266
39824
59041
35690
22846
611
85482
23828
6182
16374
9681
80234
84544
82754
20217
70276
51116
51208
70944
12728
65349
15419
21331
10326
8265
23906
5790
29585
82290
23106
5732
83943
13198
36300
72224
75981
42093
19085
3070
9381
59445
18110
32628
36648
11998
42715
58620
43863
56582
3737
83675
49282
37280
80619
36228
14431
19764
9319
19805
2932
56358
69783
53535
10288
25275
63621
29954
69300
44664
28143
34241
76326
41611
65577
3885
57260
27801
20545
18068
60470
29696
10123
38297
83809
45462
1813
10623
74176
49286
57924
21967
73085
47030
2885
36849
3044
80100
67339
42454
88973
57672
44100
13510
48059
38472
74997
5030
80384
53914
83652
23723
36617
64300
85078
83303
70773
38651
81032
71713
65300
54185
87239
35490
87694
85276
595
11334
29156
56364
85115
66211
85486
57375
7843
76490
75966
56143
20119
40102
42276
47040
22179
32942
14737
76328
46203
52615
24635
12665
15395
33772
41407
78475
30174
75609
42052
77695
50828
36032
61100
63392
51063
47700
59091
86999
56438
76208
1927
75130
48187
59843
86230
29530
80110
11344
23399
12579
36551
88871
64324
24322
23517
66577
40202
8511
67713
24645
39852
74107
40367
38992
24814
32905
28563
13785
54463
6521
82319
15644
40969
18472
37867
79943
41868
2079
24393
63583
38171
81902
34858
3836
52054
27302
60091
11466
24964
72177
24956
48014
20117
8522
73828
88898
48553
25879
50218
22208
35647
53065
57809
41773
68651
4023
11187
47881
61777
26820
15997
69155
51271
50583
47827
27095
27314
67661
73179
26986
8371
58847
18262
57977
74244
82269
74915
13797
19236
61804
12416
73171
59506
61519
69951
50321
4870
9286
59285
72875
43739
77967
18759
66837
52887
21928
10840
27848
35895
53983
36720
80051
7813
67957
12005
4982
23222
53872
20421
46147
86900
67790
83732
9211
68037
19163
51613
64032
85077
62796
78263
50335
43973
70083
79240
22311
1063
9576
23521
9497
52245
76474
2441
12172
52858
50307
16117
60249
5355
52948
3484
8353
52533
73756
17337
66860
56012
35273
14715
23691
6434
30954
10957
20120
36886
55442
71948
21671
9886
62421
58854
26462
81033
55659
83852
77453
21566
76681
49406
9502
66411
10323
79513
44045
88935
33073
76109
939
50767
12500
61342
32963
7534
24944
21054
19547
85074
9604
44207
14373
10960
57931
20602
65623
17332
19918
84397
58046
73345
59343
17517
71242
45131
30736
61651
70124
10199
9020
50555
80454
16190
14540
24589
5112
55188
55486
32424
57534
707
85380
2398
69794
74224
60592
86833
64959
50398
14101
14005
56295
73810
14229
76882
53788
67471
53222
8508
21403
50788
21976
59254
20143
56670
21288
46859
67849
85854
50000
20999
45332
35023
39416
80863
62474
61010
88296
68263
79194
87562
78441
14995
29991
30600
14172
7852
74899
83953
75541
7324
44031
85728
86027
4579
22189
78410
18539
66575
26565
58791
16543
20219
26694
5128
51350
27313
63791
63617
17200
66705
53995
65579
10407
48221
13217
24811
64232
20491
32757
24643
11751
56740
30511
85959
53884
73917
11545
16376
25060
16253
52889
16147
26695
77624
53143
58777
27164
52561
79910
35723
21604
13615
70246
74419
48349
67341
2982
75567
16667
60793
12197
43698
3709
83679
3422
8318
30033
50187
83134
51362
29654
58122
