21012
22691
9785
6610
2741
19423
14807
15244
4164
25758
6512
21847
18894
2212
22887
6179
13929
6830
12851
20108
11472
18866
10350
7635
19645
15010
14766
4755
15933
9869
24718
2654
7650
22601
14265
18453
3651
3820
15148
8448
5131
24474
26039
1293
22324
2621
14373
18000
6525
23712
23038
15245
19446
4364
2710
6264
20511
14648
1488
9755
23382
231
6271
339
22457
10762
14599
17439
1023
7444
20716
9017
13142
4952
6774
5901
19865
16389
676
23614
7307
6583
19640
7007
1217
2980
18396
8823
543
9124
25396
3501
3655
3652
7096
20250
19705
15999
21030
3814
12885
15173
25108
3055
18942
2144
9397
2457
3534
18952
1563
5065
14379
15562
17580
19677
24057
14924
10711
24559
11015
21379
18719
5621
4846
13096
15108
24924
11785
14485
22177
15145
23241
24616
17584
19870
15066
4550
23134
24814
21491
24696
13556
6544
7357
5412
21861
7719
23514
19463
3877
20780
18185
19246
12788
4354
22741
20532
24293
16994
9710
9889
5346
11696
22366
4639
24617
4575
7350
16469
1588
4416
1958
4748
13008
15300
10096
8768
22598
7013
22937
8261
21432
16148
2912
17385
5107
11400
4241
17330
16310
1858
215
351
4512
14542
18095
6892
19573
8280
185
17751
18143
22793
23939
10055
5934
17038
3113
624
16006
25205
18971
13714
20534
19216
14767
2250
11372
24833
3909
2042
15455
2115
17626
25271
13614
2846
21075
13384
5067
25289
6907
9025
3310
2072
23708
19489
19297
22423
13831
13404
7264
12212
10791
19992
12491
14430
23896
12627
3231
4773
18940
23967
23836
25998
22903
12587
12453
12118
10130
7985
