22691
21012
13929
15244
14265
3651
6610
2654
22601
5052
6264
10762
1488
4364
2710
20511
14599
19423
23038
13142
9017
23614
9785
6271
7007
5901
7307
18866
18208
4952
17439
14807
9124
22457
6512
9755
1217
14924
1023
543
20716
19865
24330
24371
24559
339
24057
15108
16389
9710
8823
15066
6774
676
24924
24814
17075
10711
2741
15300
13556
4550
16994
3501
4416
23382
24293
24718
16469
7350
4241
5346
9397
11372
6583
4164
21994
18396
5695
13008
3909
2115
16006
2042
11557
2912
3113
19640
22366
11400
7442
12842
21848
6154
22177
24696
13520
12212
19957
3345
13096
25758
17385
23134
1563
8261
19675
26038
7650
12118
11077
5934
11015
11696
19489
231
10096
16258
6544
19645
17501
10791
21075
18122
3534
17379
8254
9889
15999
21432
6218
23708
15455
7447
17038
24833
5107
23836
7096
2287
7635
18952
12627
18095
13384
22555
14952
16231
17626
10130
12720
20780
23939
14123
20879
7985
8768
2072
21125
11785
4575
13404
9629
9591
3716
14766
5957
23896
19870
4846
16921
4624
16310
17113
13813
3820
22598
11712
5621
2457
10117
19246
21943
2443
2144
9829
17911
12587
3811
13831
6023
21491
18579
185
2846
19297
5065
16148
10983
2607
12187
24097
10055
5385
482
8916
14534
12453
18000
