71788
84171
73754
36663
40942
75297
3919
88290
35642
27060
25730
63568
24866
15986
85219
58949
39113
82702
59131
17120
49483
36300
11279
1610
74955
22664
22506
22394
75238
73854
17583
53056
66700
78196
31284
83675
34337
62262
74557
23106
36334
11998
4725
5732
7913
83943
43863
32628
24442
50935
69300
58062
49422
59445
18976
57336
9381
71959
41208
61440
29954
74176
75981
66087
80100
80619
34942
65933
36228
42093
70823
13198
19764
35744
83652
58021
83152
3737
50181
84525
29696
56582
20087
60470
37867
37280
56358
82211
27302
42715
30174
37068
36648
25879
13097
1813
35168
49282
2079
79687
48553
63621
3070
35895
47202
36849
58620
62499
50009
38171
52887
14431
65577
49406
18110
55108
4870
50767
57924
78891
40969
27801
43739
25275
69951
3885
10623
33171
51613
10123
43973
70083
3484
72224
9020
18068
46147
77453
76326
21403
20602
59907
10199
24393
2932
21967
36082
76681
61342
9576
73085
45131
50788
9211
34858
46859
60091
66860
53535
68388
23521
79943
81902
52858
47030
19085
30511
66211
13313
7534
45462
41773
9319
9502
36617
36032
49286
15644
38297
17666
59254
66411
86833
52834
50335
42454
9497
21976
8318
60592
88898
84397
32963
52054
64324
74899
30424
79581
11334
11751
939
12665
14005
33818
8353
595
57809
44100
19547
69783
28143
33935
3044
71242
43644
21604
59343
18472
71947
53426
85074
26835
85380
63791
72177
53788
52618
17200
12197
2398
74997
85115
61519
24964
60249
29991
60930
38472
33499
86483
