19615
63113
23420
44262
30744
40517
20394
16164
68111
14017
66135
14642
33512
23282
29715
48192
57878
6948
48973
33715
43864
54915
4436
59471
18844
59077
7859
10717
11913
62227
65922
43226
54785
36383
19893
21518
29928
48299
15587
9746
37108
17667
54519
33650
49295
29509
52622
26122
33543
35424
1481
46660
7233
26756
21934
65422
33617
40041
56473
35606
61069
66882
55787
42995
35280
48387
30254
6435
59600
21044
45107
50786
554
43076
67569
5702
31145
52116
1931
66288
54218
65086
54987
20599
19268
17755
37152
61977
15874
65553
25569
63009
67493
59682
36860
19660
33384
50568
53907
3624
25982
45844
46064
47116
47509
14823
8660
64553
43974
17575
53132
33892
61879
32368
23345
51382
16278
35794
33090
38419
34735
1035
9884
2600
51028
4621
55610
32162
50481
23203
35910
27723
7696
66820
7048
62541
40625
29044
29256
28406
13496
46237
18413
12143
21130
64142
25239
20253
1268
21952
30545
20279
33426
67851
49743
68251
63462
18778
32749
45736
45226
25702
52149
39460
65199
17543
24544
3873
54310
10653
2410
56424
22502
27499
52458
36071
12067
5263
27312
18384
6517
21286
32439
3890
3572
15946
37716
16869
22057
22716
8765
18634
59730
11953
49304
19974
55119
