71788
84171
73754
36663
40942
75297
3919
88290
35642
27060
25730
63568
24866
15986
85219
58949
39113
82702
59131
17120
49483
36300
11279
1610
74955
22664
22506
22394
75238
73854
17583
53056
66700
78196
31284
83675
34337
62262
74557
23106
11998
36334
4725
5732
7913
83943
43863
32628
24442
69300
50935
58062
49422
59445
18976
57336
71959
9381
61440
41208
29954
74176
75981
66087
80100
80619
34942
65933
36228
42093
19764
70823
13198
83652
35744
58021
83152
50181
3737
29696
56582
84525
60470
20087
37867
37280
56358
27302
82211
30174
42715
37068
36648
13097
25879
1813
35168
49282
2079
48553
63621
79687
47202
35895
3070
58620
36849
62499
50009
38171
14431
52887
65577
4870
49406
55108
18110
57924
50767
78891
27801
40969
3885
43739
69951
25275
33171
10623
10123
43973
70083
51613
3484
72224
18068
9020
46147
21403
20602
77453
76326
10199
59907
2932
24393
61342
36082
21967
76681
45131
50788
9211
9576
34858
73085
66860
68388
60091
46859
23521
79943
53535
81902
19085
52858
47030
30511
66211
41773
13313
7534
45462
36032
36617
49286
9502
9319
15644
66411
59254
17666
38297
21976
52834
9497
50335
42454
86833
8318
88898
30424
32963
64324
60592
74899
52054
84397
11334
8353
33818
57809
79581
595
12665
14005
11751
939
44100
69783
28143
19547
71947
85074
18472
3044
71242
33935
59343
43644
21604
53426
53788
63791
52618
72177
85380
26835
61519
33499
53914
2398
12197
24964
60930
14101
86483
38472
60249
29991
17200
85115
74997
27313
40339
56223
68014
707
39314
18857
85854
70246
51350
75966
20143
60221
5030
73033
3836
76821
30600
54716
56670
67790
27954
24811
59566
44045
75541
14373
50398
2885
25670
8477
33539
74419
53222
41611
50321
24956
11148
9604
20219
35136
35690
64230
6397
18759
70459
22588
42052
7324
56143
24643
10960
65965
7795
48059
67266
53065
32424
17893
33736
80733
7852
86900
38987
50498
80384
20491
370
56364
68
53872
26079
66796
67957
7138
44207
64477
3709
44664
59041
26694
15395
74064
43698
32067
18157
12172
13843
29794
66926
21288
45004
56740
7451
21939
27599
10407
22726
10288
59506
26420
68651
39824
33604
49040
8364
14714
57672
28430
32757
64714
52533
50828
85177
19805
73164
86730
61974
