71788
84171
73754
36663
40942
75297
3919
88290
35642
27060
25730
63568
24866
15986
85219
58949
39113
82702
59131
17120
49483
36300
11279
1610
74955
22664
22506
22394
75238
73854
17583
53056
66700
78196
31284
34337
83675
62262
74557
11998
23106
36334
4725
5732
7913
43863
83943
32628
24442
69300
50935
58062
49422
59445
18976
57336
71959
9381
61440
41208
29954
74176
75981
66087
80100
80619
34942
36228
65933
42093
70823
13198
19764
83652
35744
58021
83152
50181
3737
84525
56582
29696
60470
20087
56358
37280
37867
27302
82211
30174
42715
36648
37068
13097
25879
1813
35168
49282
2079
48553
79687
63621
35895
47202
3070
62499
36849
58620
38171
50009
14431
52887
49406
55108
4870
18110
65577
57924
50767
78891
40969
27801
43739
69951
25275
3885
70083
10623
43973
33171
51613
10123
9020
3484
46147
72224
18068
21403
20602
76326
77453
10199
2932
59907
24393
21967
36082
76681
61342
34858
9576
73085
45131
50788
9211
23521
53535
60091
46859
66860
68388
79943
52858
81902
30511
19085
47030
13313
66211
45462
7534
41773
36617
9502
36032
15644
49286
9319
66411
38297
59254
17666
86833
21976
42454
8318
9497
50335
52834
60592
74899
30424
88898
52054
84397
64324
32963
595
11334
79581
57809
12665
14005
33818
8353
11751
939
19547
69783
28143
44100
43644
21604
18472
85074
53426
71242
59343
71947
3044
33935
85380
52618
72177
26835
53788
63791
2398
12197
14101
53914
17200
85115
86483
38472
60930
33499
74997
61519
60249
24964
29991
70246
27313
56223
707
68014
18857
85854
39314
40339
56670
27954
51350
73033
54716
67790
5030
30600
3836
60221
76821
20143
75966
50398
59566
24811
8477
41611
25670
44045
2885
50321
74419
75541
24956
14373
33539
53222
64230
22588
11148
35690
56143
20219
6397
35136
42052
9604
18759
7324
70459
48059
17893
50498
32424
65965
24643
67266
86900
7852
80384
38987
53065
33736
10960
7795
80733
7138
66796
370
68
44207
56364
59041
44664
3709
26079
53872
67957
20491
64477
74064
7451
45004
26694
66926
12172
32067
29794
18157
13843
43698
56740
15395
21288
10407
21939
26420
10288
49040
8364
57672
33604
14714
59506
39824
27599
22726
68651
28430
73164
77695
61974
86730
64714
18451
85177
52533
19805
32757
50828
54158
53995
56879
4666
67341
72900
46432
75609
38059
28160
73252
6323
8659
69368
51879
87562
10820
87702
14053
82173
15392
39731
65579
79513
55999
48014
86027
83809
27397
7813
70804
59285
72768
65456
29875
379
48349
66705
88862
29147
22846
74107
58009
80192
34598
76490
44771
21069
41868
44031
1447
57260
56110
19918
73828
60793
32021
45648
65299
31855
4023
32905
78441
37350
69814
19024
69866
27438
10293
72941
79007
56844
48221
67471
17332
76109
84657
611
57190
8061
2982
85959
50151
20545
7843
70317
78736
2441
80958
63819
64826
69463
43358
258
58791
68119
23658
35307
71569
5959
1063
14366
32202
9758
76712
22789
50338
63583
68178
85422
82319
85373
78410
51267
45837
64959
30226
55255
43423
28563
62435
81316
11798
29725
30080
10058
58965
53126
61393
75567
44313
14874
52359
67172
71670
85482
23222
51690
75867
65873
33772
20870
40450
48946
849
82626
26565
5356
29171
38712
55367
76474
73342
68260
55170
3195
85746
40102
31621
34044
42050
41576
13734
61761
47881
32580
21812
47619
86516
13675
70688
12393
85921
22101
15793
1767
82080
22799
26852
73986
24322
10094
46657
12417
40344
11187
19532
4579
45317
39797
58417
62497
20130
77881
69692
22311
17051
77353
11415
67313
16736
32292
85254
819
87814
52948
70656
9889
37591
23012
72875
34241
83679
46077
8018
22189
44239
67713
43900
52245
35953
46000
19983
20505
16963
40709
49472
50365
2151
69105
57884
29659
76968
78475
74224
9636
13574
44204
