22691
21012
13929
14265
15244
3651
6610
2654
22601
1488
10762
5052
6264
20511
2710
4364
19423
23038
14599
13142
9017
23614
6271
5901
9785
7007
4952
18866
17439
7307
18208
9124
22457
14807
6512
1217
14924
9755
1023
543
19865
24057
24559
339
20716
15108
24371
24330
6774
9710
8823
15066
16389
24814
15300
676
24924
2741
10711
17075
24718
4550
3501
24293
23382
16994
16469
4416
13556
9397
7350
13008
5346
11372
3909
6583
18396
5695
21994
4241
4164
7442
24696
2042
6154
16006
11557
2115
2912
22366
21848
11400
22177
12842
13520
3113
19640
7650
8261
23134
26038
17385
25758
13096
1563
12212
19957
19675
3345
21432
5107
11015
6544
11077
10791
11696
18122
16258
17379
23708
19489
24833
17501
231
15455
5934
9889
10096
15999
3534
7447
6218
12118
19645
21075
17038
23836
8254
13404
12720
22555
7985
14123
8768
14952
2072
4575
20879
11785
13384
23939
21125
7635
7096
18952
18095
20780
