19615
63113
44262
23420
30744
40517
16164
20394
68111
14017
66135
33512
14642
23282
48192
29715
48973
6948
57878
33715
43864
54915
4436
59077
59471
18844
7859
11913
62227
10717
54785
36383
65922
19893
43226
15587
48299
17667
37108
9746
29928
21518
49295
54519
33650
1481
35424
52622
26122
33543
7233
46660
26756
29509
33617
56473
61069
40041
21934
65422
55787
66882
35606
35280
50786
6435
21044
59600
30254
43076
554
48387
42995
45107
65553
15874
20599
25569
54987
37152
61977
65086
17755
52116
66288
1931
19268
5702
67569
54218
31145
59682
3624
19660
33384
63009
47116
46064
47509
45844
36860
14823
25982
50568
67493
53907
35794
1035
38419
33892
61879
17575
43974
9884
34735
23203
50481
53132
33090
32162
23345
51382
51028
16278
32368
2600
4621
8660
55610
64553
20253
13496
30545
33426
46237
21952
29044
28406
12143
67851
35910
25239
40625
7048
64142
7696
29256
21130
62541
18413
27723
20279
1268
66820
45736
3873
27499
37716
27312
22057
45226
52149
18778
22716
18384
54310
65199
16869
52458
68251
25702
49743
3572
5263
36071
3890
17543
32439
24544
6517
22502
2410
21286
12067
63462
39460
32749
15946
10653
56424
20921
67983
59730
2869
16411
2317
55119
49304
38682
37616
31944
29373
17030
51739
35835
16570
37867
67652
11953
65013
25481
8765
36180
28534
18634
67701
5138
13960
9768
43425
19974
64577
30313
16266
66017
39916
51824
15295
18339
3682
51070
34121
7566
17235
15662
62597
24408
24697
31760
36800
39773
29237
36679
30291
48248
16796
32205
3542
36322
47175
16320
26304
42804
8391
59621
19488
6448
8661
24478
47677
32992
54042
25844
52301
41221
62418
33200
28837
58650
34546
36718
18168
41465
39647
10108
64950
4387
50213
29859
49794
58887
15334
64298
61509
34101
48583
4186
63815
18882
31729
9154
6366
16026
68597
18656
42632
57605
57165
5544
38730
66598
20732
32054
52344
38818
14381
23220
37983
15792
14888
49817
6700
25092
2194
40852
22152
53974
13824
56583
21209
15388
28439
21688
44567
38891
5745
31583
41458
51659
53238
3826
29635
11513
32109
62972
42001
9064
60751
34159
57942
57197
4763
66575
44427
57738
54615
12576
10375
62370
62493
22990
42856
57125
22643
33454
55625
34222
67149
60999
17940
62404
49658
37520
62636
60171
6831
17838
67362
48604
28879
10425
50073
27154
11683
20152
56916
36138
39582
29750
66843
20692
19105
1737
14324
26847
1616
57492
20793
5461
215
62905
33919
31452
30766
68041
