22691
21012
13929
14265
15244
3651
2654
6610
22601
6264
10762
5052
1488
20511
4364
2710
14599
23038
19423
13142
9017
23614
5901
7007
6271
9785
4952
18208
18866
17439
7307
22457
9124
14807
1217
543
9755
14924
6512
1023
15108
20716
24559
24371
24057
339
19865
24330
6774
8823
9710
16389
15066
17075
10711
676
15300
24924
2741
24814
24293
23382
4550
13556
3501
24718
16469
16994
4416
21994
3909
5695
5346
4241
7350
13008
11372
9397
18396
4164
6583
16006
2115
11557
22177
13520
11400
3113
19640
2912
22366
7442
6154
2042
12842
21848
24696
8261
13096
19675
19957
25758
17385
23134
12212
1563
3345
7650
26038
19489
5107
21432
11015
17038
12118
17501
23708
5934
3534
15455
24833
9889
16258
18122
6544
21075
231
8254
23836
19645
11077
15999
17379
7447
6218
10791
10096
11696
7985
21125
20879
13404
22555
7635
4575
10130
11785
14123
14952
2287
13384
18095
12627
20780
17626
2072
23939
7096
8768
18952
16231
12720
22598
185
19870
19297
5957
17113
2457
4846
5621
11712
16921
16310
2846
13831
21943
14766
3820
18579
21491
9629
19246
3811
9829
23896
13813
9591
4624
2443
10117
17911
6023
2144
3716
12587
15435
4013
5712
10350
482
5065
14661
1493
10055
12187
7013
14534
1858
12453
10532
25396
24781
6337
18894
19463
8916
9241
24097
12286
9037
3387
16148
10983
15173
5385
1958
18000
2607
23665
25931
20328
18140
14403
15010
1116
13346
24009
8448
22903
12334
6907
22046
10871
351
21847
135
13614
24753
20532
1588
14430
20250
15184
6675
23151
12478
18215
15562
24412
6482
3096
