71788
84171
73754
36663
40942
75297
3919
88290
35642
27060
25730
63568
24866
15986
85219
58949
39113
82702
59131
17120
49483
36300
11279
1610
74955
22664
22506
22394
75238
73854
17583
53056
66700
78196
31284
83675
34337
62262
74557
23106
36334
11998
4725
5732
7913
83943
43863
32628
24442
69300
50935
58062
49422
18976
59445
57336
71959
9381
61440
41208
29954
75981
74176
80100
66087
80619
34942
65933
36228
42093
13198
70823
19764
83652
35744
58021
83152
50181
3737
84525
29696
56582
60470
20087
37867
56358
37280
82211
27302
42715
30174
37068
36648
13097
25879
1813
49282
35168
2079
48553
63621
79687
47202
35895
3070
36849
62499
58620
50009
38171
52887
14431
65577
55108
18110
4870
49406
57924
50767
40969
