71788
84171
73754
36663
40942
75297
3919
88290
35642
27060
25730
63568
24866
15986
85219
58949
39113
82702
59131
17120
49483
36300
11279
1610
74955
22664
22506
22394
75238
73854
17583
53056
66700
78196
31284
34337
83675
62262
74557
23106
11998
36334
4725
5732
7913
43863
83943
32628
24442
50935
69300
58062
49422
18976
59445
57336
71959
9381
41208
61440
29954
75981
74176
66087
80100
80619
34942
65933
36228
42093
13198
19764
70823
35744
83652
58021
83152
50181
3737
56582
29696
84525
60470
20087
56358
37867
37280
82211
27302
42715
30174
36648
37068
13097
25879
1813
49282
35168
2079
48553
79687
63621
3070
47202
35895
62499
36849
58620
38171
50009
52887
14431
18110
4870
65577
49406
55108
57924
50767
40969
78891
27801
43739
69951
25275
3885
10123
43973
51613
70083
33171
10623
3484
46147
9020
72224
18068
76326
77453
20602
21403
2932
24393
10199
59907
36082
76681
61342
21967
50788
73085
9211
34858
45131
9576
46859
53535
66860
79943
23521
68388
60091
47030
30511
81902
52858
19085
13313
45462
41773
7534
66211
15644
49286
9319
36617
36032
9502
38297
59254
66411
17666
21976
52834
86833
50335
9497
8318
42454
84397
30424
60592
64324
88898
32963
52054
74899
939
14005
595
79581
11334
57809
12665
11751
33818
8353
44100
69783
19547
28143
21604
43644
53426
3044
18472
33935
59343
71947
71242
85074
53788
72177
63791
85380
26835
52618
38472
60930
74997
2398
86483
60249
17200
24964
33499
14101
61519
12197
85115
29991
53914
85854
56223
40339
27313
70246
18857
39314
707
68014
75966
51350
56670
3836
60221
54716
67790
27954
20143
76821
30600
73033
5030
75541
25670
41611
74419
33539
24956
24811
50321
59566
44045
8477
53222
50398
14373
2885
42052
56143
18759
22588
35136
9604
7324
70459
6397
11148
20219
64230
35690
17893
67266
24643
86900
33736
53065
7795
80384
32424
10960
65965
50498
7852
48059
80733
38987
20491
44664
53872
3709
64477
68
67957
370
56364
44207
7138
59041
66796
26079
15395
74064
7451
12172
26694
29794
66926
21288
32067
18157
13843
43698
45004
56740
26420
14714
59506
68651
21939
57672
27599
10407
33604
49040
39824
22726
10288
28430
8364
85177
77695
73164
18451
32757
64714
19805
61974
50828
52533
86730
28160
53995
46432
73252
4666
38059
8659
72900
54158
67341
6323
56879
75609
69368
51879
65579
14053
82173
29875
72768
83809
59285
48014
7813
379
10820
39731
27397
87562
87702
65456
55999
79513
15392
86027
70804
66705
21069
34598
80192
48349
74107
41868
58009
22846
44771
76490
88862
29147
44031
27438
32021
32905
31855
45648
73828
57190
56844
69814
48221
67471
4023
8061
79007
65299
78441
37350
10293
1447
60793
84657
19918
57260
56110
69866
17332
76109
72941
611
19024
58791
43358
82319
76712
2982
50338
35307
71569
80958
85959
23658
70317
5959
258
68178
69463
9758
85373
1063
7843
68119
63819
22789
2441
32202
78736
50151
85422
20545
14366
64826
63583
30226
28563
71670
45837
67172
29725
