19615
63113
23420
44262
30744
40517
20394
16164
68111
14017
66135
33512
14642
48192
29715
23282
48973
6948
57878
43864
54915
33715
4436
59471
18844
7859
59077
11913
10717
62227
19893
36383
54785
65922
43226
37108
48299
15587
17667
21518
29928
9746
49295
54519
33650
52622
46660
29509
1481
33543
26122
26756
35424
7233
65422
66882
55787
21934
40041
35606
61069
33617
56473
30254
50786
554
42995
43076
59600
21044
48387
45107
6435
35280
19268
31145
5702
65086
1931
52116
17755
20599
61977
54218
15874
66288
54987
25569
65553
67569
37152
67493
3624
25982
50568
14823
63009
47509
33384
19660
59682
53907
46064
47116
45844
36860
16278
38419
32162
33090
43974
55610
23345
8660
34735
61879
64553
51028
35794
51382
9884
32368
2600
4621
23203
53132
17575
33892
50481
1035
33426
30545
62541
25239
1268
7048
27723
20279
67851
64142
20253
18413
40625
13496
29044
46237
35910
12143
29256
21130
7696
28406
66820
21952
54310
6517
52149
22057
21286
56424
36071
68251
52458
65199
22502
18384
27312
3572
24544
3890
12067
32749
2410
49743
22716
17543
45226
3873
27499
32439
16869
45736
39460
5263
18778
63462
15946
10653
25702
37716
18634
9768
64577
16570
67701
29373
59730
67652
2317
13960
28534
67983
19974
37616
36180
2869
38682
51739
11953
31944
49304
37867
20921
5138
16411
17030
8765
43425
55119
35835
25481
65013
66017
32205
17235
16266
24697
15662
29237
31760
54042
3542
62597
26304
42804
59621
8661
16796
51070
19488
39773
8391
30313
24408
24478
48248
7566
18339
51824
36322
30291
36800
39916
15295
16320
34121
47175
3682
6448
36679
47677
32992
28837
49794
20732
6366
38818
33200
50213
18656
18168
10108
38730
42632
57605
58887
14381
52301
41465
9154
34101
29859
25844
63815
64298
66598
61509
58650
39647
57165
48583
16026
52344
31729
62418
4186
