21012
22691
9785
6610
2741
19423
14807
15244
4164
25758
6512
21847
18894
2212
22887
6179
13929
6830
12851
20108
11472
18866
10350
7635
19645
15010
14766
4755
15933
9869
24718
2654
7650
22601
14265
18453
3651
3820
15148
8448
5131
24474
26039
1293
22324
2621
14373
18000
6525
23712
23038
15245
19446
4364
2710
6264
20511
14648
1488
9755
23382
231
6271
339
22457
10762
14599
17439
1023
7444
20716
9017
13142
4952
6774
5901
19865
16389
676
23614
7307
6583
19640
7007
1217
2980
18396
8823
543
9124
25396
3501
3655
3652
7096
20250
19705
15999
21030
3814
12885
15173
25108
3055
18942
2144
9397
2457
3534
18952
1563
5065
14379
15562
17580
19677
24057
14924
10711
24559
11015
21379
18719
5621
4846
13096
15108
24924
11785
14485
22177
15145
23241
24616
17584
19870
15066
4550
23134
24814
21491
24696
13556
6544
7357
5412
21861
7719
23514
19463
3877
20780
18185
19246
12788
4354
22741
