22691
21012
13929
14265
15244
3651
2654
6610
5052
1488
22601
10762
6264
2710
20511
4364
14599
19423
23038
13142
9017
23614
7007
9785
6271
5901
18208
17439
4952
18866
7307
9124
22457
14807
9755
14924
6512
1023
1217
543
24057
24559
15108
24330
24371
20716
339
19865
6774
9710
15066
16389
8823
17075
24924
10711
676
24814
15300
2741
16994
23382
4550
24293
3501
13556
16469
24718
4416
5346
21994
3909
9397
6583
4164
11372
13008
5695
7350
18396
4241
19640
24696
22366
22177
7442
3113
12842
6154
21848
13520
16006
2912
2042
11557
2115
11400
8261
1563
19675
25758
7650
3345
12212
