19615
63113
44262
23420
30744
40517
16164
20394
68111
14017
66135
33512
14642
23282
29715
48192
6948
48973
57878
33715
43864
54915
4436
18844
59077
7859
59471
10717
62227
11913
43226
19893
54785
36383
65922
21518
48299
29928
37108
9746
17667
15587
49295
54519
33650
7233
35424
26122
46660
33543
26756
1481
29509
52622
65422
55787
61069
56473
33617
35606
40041
66882
21934
48387
43076
35280
45107
30254
21044
59600
554
50786
6435
42995
31145
19268
61977
66288
54987
17755
54218
37152
65086
65553
52116
20599
15874
25569
5702
1931
67569
36860
67493
33384
25982
53907
50568
47509
