19615
63113
44262
23420
30744
40517
20394
16164
68111
14017
66135
33512
14642
23282
29715
48192
6948
48973
57878
54915
33715
43864
4436
59077
59471
18844
7859
11913
62227
10717
43226
54785
36383
65922
19893
21518
48299
29928
15587
9746
37108
17667
49295
54519
33650
29509
46660
26756
26122
35424
1481
33543
52622
7233
66882
55787
61069
33617
56473
40041
21934
35606
65422
30254
48387
6435
554
59600
21044
43076
35280
42995
45107
50786
5702
54987
31145
65553
66288
37152
25569
61977
19268
52116
20599
65086
15874
67569
54218
1931
17755
50568
25982
59682
14823
33384
47509
67493
45844
19660
3624
36860
46064
47116
53907
63009
51382
53132
4621
1035
33090
23203
32162
2600
8660
16278
50481
32368
51028
35794
17575
38419
33892
9884
64553
55610
61879
34735
23345
43974
29256
29044
1268
13496
64142
30545
21952
62541
21130
66820
20279
35910
27723
33426
7048
25239
46237
7696
12143
20253
40625
18413
67851
28406
2410
3890
63462
32439
52458
32749
24544
10653
37716
22716
45736
54310
27312
17543
49743
21286
3873
15946
16869
3572
12067
39460
52149
68251
36071
18384
65199
27499
18778
6517
25702
45226
56424
22502
22057
5263
29373
37616
25481
18634
38682
19974
11953
2317
65013
16570
36180
20921
5138
67652
51739
67983
35835
55119
2869
9768
49304
8765
64577
43425
31944
28534
67701
59730
17030
13960
16411
37867
16266
51070
47677
26304
62597
8661
59621
42804
17235
24697
19488
6448
16320
54042
34121
29237
30313
32205
48248
39916
16796
3542
31760
3682
7566
36322
36679
15662
18339
8391
39773
24478
30291
47175
36800
32992
66017
51824
15295
24408
6366
52344
34546
25844
38730
57165
34101
64950
10108
29859
39647
61509
48583
33200
20732
64298
63815
32054
42632
18656
36718
57605
50213
49794
16026
23220
31729
41465
52301
58887
14381
4387
5544
41221
18168
15334
62418
4186
9154
38818
68597
58650
28837
66598
18882
62972
14888
66575
37983
40852
62404
11513
33454
22152
49658
44567
6831
48604
62493
57125
41458
42001
51659
53974
38891
55625
5745
10375
29635
28879
37520
17838
44427
9064
49817
57942
53238
6700
17940
12576
62636
34222
57197
34159
4763
67362
54615
50073
31583
10425
15388
42856
56583
21688
28439
21209
60171
13824
60751
2194
62370
25092
67149
22990
60999
15792
3826
27154
32109
22643
57738
14456
19835
20152
46534
38500
31702
20793
19091
36138
37259
38315
9390
26847
1163
23788
66843
54369
47283
36578
68024
21895
56821
12400
32814
34417
56916
34364
1737
40221
57492
68368
61777
64740
65786
5063
11683
14324
7346
7417
8397
28240
66638
12639
60246
30766
1616
19318
13527
12258
33919
62905
215
5461
23236
12310
61475
64332
11505
61556
29750
20692
38161
39835
30946
43993
26196
68041
4866
31452
19105
49865
56008
51388
39582
6890
35132
15631
57281
35204
44674
14919
60421
48634
18601
924
58685
38965
15439
36438
7522
62936
31398
34071
10677
44022
22589
44820
37799
880
25163
63272
31296
20449
41167
44782
9105
13198
51294
27218
36456
47132
1078
51604
11986
59651
50149
27735
31907
37647
8791
