24578
14340
4102
14353
22
18455
2076
16730
12324
10246
24615
45
23529
4148
20536
20538
22598
6218
22603
6222
20576
20613
12423
24718
8335
2193
4247
8349
4266
16754
16575
22722
8387
6340
200
14540
12496
14552
231
6183
10476
10477
4351
6408
24845
22798
2326
4376
2338
18724
14638
24885
10555
22848
15414
8523
8526
8672
18778
24924
352
8549
22890
7911
6512
369
20850
6525
6529
6530
6538
8589
12687
8596
4513
2118
25006
12720
18866
6583
12735
22989
22990
6610
6611
10711
25053
4575
25056
2530
6627
2535
4588
12786
18941
2560
12802
18952
10762
6669
8721
25108
25111
16921
2591
546
8739
21030
10791
16946
23093
570
15455
16957
4673
12868
25159
16976
12885
4702
17001
23146
23151
624
25205
6776
25209
17022
17038
6806
15005
8879
6838
24009
21178
2752
17090
6868
17126
26067
25346
4868
11015
8968
17161
14807
4877
15126
11034
4896
15144
135
15159
17208
9017
9023
9025
15170
482
853
13142
23383
869
13164
2926
11125
13177
899
19340
17297
19355
7071
21409
23458
11175
23464
11183
7096
21433
9147
11197
23492
25557
5078
25562
9184
25569
19433
3055
3058
19443
15353
3066
3076
11275
17439
1059
5164
11318
23614
17472
13389
21587
23647
19562
7277
21623
25721
1150
21638
11400
5259
19596
1172
7324
13482
17589
7355
19645
17603
19657
15562
23759
15571
17626
5346
5352
3310
1265
15608
25849
21379
1310
12165
5408
5412
21798
7475
25910
15678
21831
21832
3412
3418
17764
23910
7533
1404
1407
17794
11661
25998
17807
18051
17823
19877
7594
3502
15793
3507
9656
7625
930
3534
19923
11733
3321
7650
15850
2710
1520
19955
24057
15880
15891
9755
20000
9764
9765
15912
5673
17968
1588
9785
26170
15931
17984
26181
17994
17997
18000
26196
5717
23481
20059
3677
22129
8128
22147
9865
1674
16011
9869
5794
16040
11951
1992
7863
20155
7877
20168
16083
5851
18143
3811
24295
20207
7926
9993
24330
12051
14102
18209
3875
1838
24371
5957
3922
20315
22366
16231
10096
8049
12151
20345
21142
8087
20383
1958
20391
1966
4021
22457
18365
4032
8727
953
8156
22493
14308
22503
18408
22504
22527
