61440
5120
40966
51208
34825
20494
8207
88081
4114
36886
83994
63515
15413
14368
71713
30754
63494
72096
71719
65577
75818
65580
24623
34864
75784
79922
8243
86068
79925
30774
77882
34876
36533
86081
88758
51271
8265
7913
88140
10323
45070
59479
18521
64527
4189
14431
53344
73828
61545
71788
53266
34935
121
20602
80234
73854
6276
22664
73865
24714
53387
73869
46104
148
57493
80022
51351
24729
10266
10399
4256
8353
70656
33137
69800
61609
36551
26796
41133
48152
49335
18624
51395
32964
39113
37068
75981
5496
81444
53461
53466
221
18654
88290
46459
39141
88296
33004
80109
59631
24818
2292
10281
35064
53499
8444
253
41214
49407
24832
33027
20740
26885
10505
43275
5533
2329
51482
16667
6429
69970
12578
67877
30769
47883
52615
16093
55347
52930
84281
6879
72811
27018
50229
84289
61762
73099
88389
41287
69961
26954
49483
82253
334
41298
59731
78905
69976
26971
43356
45406
65890
33123
24932
6502
26984
69692
26986
8556
8557
31086
82289
370
33171
43383
63865
76154
8574
72063
49538
72067
394
22935
80268
86415
12688
41361
12493
16787
14740
39317
38297
56684
14746
9626
37280
40006
78246
16113
73116
72108
68014
25007
76208
78257
20918
78264
84410
10683
74176
51649
27079
55752
50252
32067
63948
20941
12752
70102
57815
27099
63964
62885
4576
53729
6626
12771
53670
18921
12778
88555
70124
49645
70126
18931
6645
55798
48553
8697
70138
31228
31229
49664
74242
59907
23817
86533
16902
4615
11011
4628
41494
39448
43545
70532
27164
53791
27168
47651
4870
66087
76328
6698
84525
25135
37424
76337
72246
41527
12859
87136
23106
72259
8772
74309
55881
8780
49744
78418
82702
10840
41561
14943
43618
611
31332
2664
57961
14955
29296
6769
31346
2678
12923
16149
25216
21123
70276
43654
41611
19085
23661
62096
31512
43666
43668
21144
78490
68251
76444
74397
4772
58021
68262
68263
12976
43698
74419
72373
23222
4796
2751
82627
41672
22647
64299
29392
2769
14953
47828
77262
78550
29399
88795
2782
21215
6608
58082
3195
10980
65318
43750
15505
10985
88871
78572
60145
37619
80628
34942
88830
84738
33579
35590
41737
70103
39692
49934
33558
68376
33562
37660
51999
58144
25379
68388
86833
13097
11051
64300
41773
62941
13104
20616
17202
27445
71428
74551
37690
70459
4925
33598
82754
56131
35652
2885
2529
74568
25418
39759
4529
24377
62300
80733
66705
86889
4970
16189
64372
6974
72566
2935
65684
66426
50046
43903
60289
17284
31621
50055
70537
64394
35723
88557
76688
29585
4249
64324
38383
64418
27556
80911
70569
39852
21422
88221
15281
17332
24393
24241
30856
58300
21322
74688
66499
88566
21447
35788
81400
62420
41465
23513
82906
22351
80863
25568
62435
996
54246
3580
35818
56487
23943
5101
50169
23546
62459
50176
13313
62467
50181
44038
78857
58383
47619
85013
19480
78172
19487
64547
56358
44073
68651
54319
1077
83001
70715
5181
60478
33858
27716
11334
25671
78920
68682
11340
12721
11346
56410
48221
13408
56418
11363
21604
52325
9319
68715
42093
73590
70771
29813
85115
44158
5247
9344
21634
4630
62598
1159
33928
42860
17546
66700
50321
15506
23699
7324
72090
50335
81094
21671
39452
44207
5298
29875
3257
83133
83134
25791
17602
33987
23748
69494
25798
87239
86220
47881
83149
13518
44237
44241
1234
85203
42197
46969
21721
87258
48335
27869
16251
87268
85201
5356
16253
85232
65064
63819
42232
11513
17666
42243
40200
60681
44298
45575
81164
33868
5394
23828
13589
11542
25879
11545
50459
15644
55514
9502
70944
3362
11555
73004
7474
66867
19764
70965
40246
46644
70970
3387
68925
32580
15680
50498
76683
25929
62795
34127
77137
68949
68950
23895
56670
3424
49040
23906
75107
68965
64870
15720
15932
62695
50540
82290
15727
77170
77171
48500
75128
19833
19835
85373
52612
17799
79240
69868
28042
34187
75149
42386
71721
40342
10820
1434
3484
46493
42399
87280
26018
69029
13735
9640
81321
81322
21933
75184
50609
40370
1459
23989
62909
71104
64963
56773
39500
19918
21967
40845
60664
56786
58835
80384
54521
38171
9689
54749
26079
34273
9802
52712
36330
85487
1521
67058
5622
7081
17912
18687
1532
17919
60930
32444
46606
52752
30225
5651
24085
11798
1562
7770
45317
75297
63012
24102
30248
36394
85552
40629
20019
42548
20021
67849
87609
63071
52359
72970
54405
40514
71947
58949
9799
1610
31053
61010
46682
75359
14989
1637
42604
81170
48061
46710
72297
1656
61050
61052
3709
28287
42624
16190
42627
56964
44310
16007
50828
71314
65171
77461
54936
3737
71322
2331
42664
40621
36526
20143
59056
78891
38581
87738
28563
59071
21880
67266
83652
11975
85704
24267
40654
9935
3799
30424
79581
11998
88357
38625
48869
65257
71975
57068
18157
79599
5873
5874
7937
65050
53547
44114
46859
9997
73171
48913
75541
28440
79644
7562
57120
80859
65316
59174
79658
65323
3885
15667
61237
73527
38712
71481
55100
83773
7998
53056
81730
53899
55108
65349
48969
40780
1871
24403
36693
40790
32600
73561
30554
20318
26463
23184
36707
1892
57191
28647
10092
42862
18291
44916
59254
660
75000
28541
13973
6016
22401
55170
63467
24031
1927
30600
16269
40848
81809
71571
13977
20379
61343
51104
8098
39579
12197
63399
57260
72830
61358
83889
55222
73033
65464
30652
43338
16320
73665
14274
26563
32708
20421
20422
57290
85967
57296
77785
24543
42978
81894
83943
67560
45033
59370
14315
26605
28654
32424
18419
69623
71672
4090
73045
