8193
32773
4106
34827
8206
8208
38931
57365
12310
55319
24603
32800
40994
49190
44721
14381
32815
30770
45107
53308
14402
61509
16455
45128
6222
2128
63572
28759
65625
55387
51294
32863
63585
36965
6251
18541
45169
22643
24706
22209
41098
61582
34959
2194
8339
61588
30876
39069
53406
53408
22692
33137
10408
12457
55471
49333
55479
35001
51388
47294
10431
22722
195
53444
10437
18634
38946
63697
68302
63706
6368
16611
6182
30957
51438
57584
37108
53498
6397
66945
49418
10512
30424
41238
28952
18720
39202
6436
4389
40327
61742
16687
14642
24885
66612
22846
67905
37191
49480
39244
37199
61777
10579
41302
29017
2394
6495
39272
4459
10606
22895
43752
61811
33141
33151
53633
51606
49543
24969
24970
53643
59798
51609
22938
18844
414
51615
39331
20901
63504
2472
4521
47175
37293
4526
53681
39346
31156
24990
16823
22968
10683
31164
6589
4543
1441
51659
2511
20946
53721
56264
57820
10717
18910
51679
45536
66017
2536
39402
55787
10733
33262
23026
16883
61942
10665
53752
51706
61950
21589
10756
41485
23054
27154
68116
55835
31268
53797
37417
2602
6701
25137
14906
12859
6717
53825
23106
29256
45495
4690
33231
23127
40528
62044
16046
4704
68368
47714
25019
14958
53874
66165
34596
60027
51840
19073
49794
14979
17039
10901
33430
12951
49817
39582
21153
37538
55974
43687
4776
17066
58823
51890
50624
64183
17081
14111
51903
2754
25290
6859
17100
56014
26478
10969
60123
68319
10976
31462
33512
2794
2795
27090
751
66288
15089
23282
49908
21247
11009
15106
33543
60171
2829
51984
62227
56089
54042
49948
49951
17185
31525
47911
66349
6622
60218
6975
6977
9026
11078
15175
5603
13140
56150
21342
13153
54118
43879
37737
880
35697
55443
9082
35707
49642
62335
491
21380
68498
34199
29595
59205
7073
931
50084
5029
35750
60332
13234
33715
31668
31670
21433
19388
50109
9154
27587
15304
66505
30200
3029
60375
52184
31705
43999
52194
44004
21477
17384
3050
58348
41967
46064
56305
68597
35835
48125
11264
66561
38059
37893
58376
3088
65368
33810
29715
13333
11286
1048
15388
60445
62494
15391
54310
37932
27698
35892
54326
50231
37944
58426
46139
46140
31807
21568
9281
5187
56388
37953
17481
31820
3150
9301
58455
31832
1121
15464
31851
31852
46193
27764
56437
9065
21624
34204
3195
64640
6517
13461
1174
27799
54424
66939
25756
46237
43889
58529
40098
31907
7335
36456
48299
58006
42162
9395
5304
25789
40135
1227
62668
62669
64720
34001
23764
67828
44262
36071
38127
13552
31986
19699
62708
54519
15612
43562
29950
29953
19714
17667
32017
13586
17683
48405
62746
48411
44316
23838
27935
52516
5421
25902
46402
36163
46404
9544
34121
34122
60751
40272
24120
42323
30037
17758
3423
7523
53102
47510
56685
5491
66932
64891
60797
17793
21895
40330
34190
56775
3479
23962
38300
13728
7408
50597
13735
38315
17838
21937
54712
1268
48570
40381
60863
21952
40391
13769
58826
18339
60885
46551
7648
50657
13794
24805
58856
28138
6055
6738
67496
7668
42486
28152
26196
34298
3579
30205
32254
42581
15874
52747
19982
26541
38419
5659
60956
56177
5665
58914
52771
43561
15910
3624
22057
46630
3630
3637
7736
51466
9791
51808
24144
56916
58965
1627
9821
18017
18024
28268
48744
7806
42944
54915
28950
7815
20104
48779
16016
5778
52883
51612
1693
67230
28320
22179
3754
34477
27676
40625
52169
16059
60615
14017
20163
50892
14029
46798
11986
9939
38614
18130
9948
7901
10533
65252
24295
44784
61169
3826
24311
3832
32506
26997
9994
29725
30478
18191
46865
63252
65302
26398
5919
67362
16164
61222
15473
65322
46894
35910
42804
61238
22566
42814
32581
10054
38730
48973
48984
8025
8036
22502
42856
61292
51053
36718
22504
65394
55158
67453
10111
42880
38785
8854
12167
30600
49033
12175
42897
30610
61333
61102
51099
42913
26530
16291
59303
38824
20394
8109
10568
63413
8123
42940
40894
55231
16320
57281
40898
18384
56995
12247
14297
49118
16351
65505
31398
63462
12264
43004
45034
28651
4080
64168
34814
2038
67577
8188
6142
